warning: in the working copy of 'apps/dashboard/public/icons.svg', LF will be replaced by CRLF the next time Git touches it
[1mdiff --git a/apps/dashboard/index.html b/apps/dashboard/index.html[m
[1mindex 984e31d..1532542 100644[m
[1m--- a/apps/dashboard/index.html[m
[1m+++ b/apps/dashboard/index.html[m
[36m@@ -2,7 +2,7 @@[m
 <html lang="en">[m
   <head>[m
     <meta charset="UTF-8" />[m
[31m-    <link rel="icon" type="image/svg+xml" href="/favicon.svg" />[m
[32m+[m[32m    <link rel="icon" type="image/svg+xml" href="/icons.svg" />[m
     <meta name="viewport" content="width=device-width, initial-scale=1.0" />[m
     <title>dashboard</title>[m
   </head>[m
[1mdiff --git a/apps/dashboard/public/icons.svg b/apps/dashboard/public/icons.svg[m
[1mindex e952219..0668045 100644[m
[1m--- a/apps/dashboard/public/icons.svg[m
[1m+++ b/apps/dashboard/public/icons.svg[m
[36m@@ -1,24 +1,33 @@[m
[31m-<svg xmlns="http://www.w3.org/2000/svg">[m
[31m-  <symbol id="bluesky-icon" viewBox="0 0 16 17">[m
[31m-    <g clip-path="url(#bluesky-clip)"><path fill="#08060d" d="M7.75 7.735c-.693-1.348-2.58-3.86-4.334-5.097-1.68-1.187-2.32-.981-2.74-.79C.188 2.065.1 2.812.1 3.251s.241 3.602.398 4.13c.52 1.744 2.367 2.333 4.07 2.145-2.495.37-4.71 1.278-1.805 4.512 3.196 3.309 4.38-.71 4.987-2.746.608 2.036 1.307 5.91 4.93 2.746 2.72-2.746.747-4.143-1.747-4.512 1.702.189 3.55-.4 4.07-2.145.156-.528.397-3.691.397-4.13s-.088-1.186-.575-1.406c-.42-.19-1.06-.395-2.741.79-1.755 1.24-3.64 3.752-4.334 5.099"/></g>[m
[31m-    <defs><clipPath id="bluesky-clip"><path fill="#fff" d="M.1.85h15.3v15.3H.1z"/></clipPath></defs>[m
[31m-  </symbol>[m
[31m-  <symbol id="discord-icon" viewBox="0 0 20 19">[m
[31m-    <path fill="#08060d" d="M16.224 3.768a14.5 14.5 0 0 0-3.67-1.153c-.158.286-.343.67-.47.976a13.5 13.5 0 0 0-4.067 0c-.128-.306-.317-.69-.476-.976A14.4 14.4 0 0 0 3.868 3.77C1.546 7.28.916 10.703 1.231 14.077a14.7 14.7 0 0 0 4.5 2.306q.545-.748.965-1.587a9.5 9.5 0 0 1-1.518-.74q.191-.14.372-.293c2.927 1.369 6.107 1.369 8.999 0q.183.152.372.294-.723.437-1.52.74.418.838.963 1.588a14.6 14.6 0 0 0 4.504-2.308c.37-3.911-.63-7.302-2.644-10.309m-9.13 8.234c-.878 0-1.599-.82-1.599-1.82 0-.998.705-1.82 1.6-1.82.894 0 1.614.82 1.599 1.82.001 1-.705 1.82-1.6 1.82m5.91 0c-.878 0-1.599-.82-1.599-1.82 0-.998.705-1.82 1.6-1.82.893 0 1.614.82 1.599 1.82 0 1-.706 1.82-1.6 1.82"/>[m
[31m-  </symbol>[m
[31m-  <symbol id="documentation-icon" viewBox="0 0 21 20">[m
[31m-    <path fill="none" stroke="#aa3bff" stroke-linecap="round" stroke-linejoin="round" stroke-width="1.35" d="m15.5 13.333 1.533 1.322c.645.555.967.833.967 1.178s-.322.623-.967 1.179L15.5 18.333m-3.333-5-1.534 1.322c-.644.555-.966.833-.966 1.178s.322.623.966 1.179l1.534 1.321"/>[m
[31m-    <path fill="none" stroke="#aa3bff" stroke-linecap="round" stroke-linejoin="round" stroke-width="1.35" d="M17.167 10.836v-4.32c0-1.41 0-2.117-.224-2.68-.359-.906-1.118-1.621-2.08-1.96-.599-.21-1.349-.21-2.848-.21-2.623 0-3.935 0-4.983.369-1.684.591-3.013 1.842-3.641 3.428C3 6.449 3 7.684 3 10.154v2.122c0 2.558 0 3.838.706 4.726q.306.383.713.671c.76.536 1.79.64 3.581.66"/>[m
[31m-    <path fill="none" stroke="#aa3bff" stroke-linecap="round" stroke-linejoin="round" stroke-width="1.35" d="M3 10a2.78 2.78 0 0 1 2.778-2.778c.555 0 1.209.097 1.748-.047.48-.129.854-.503.982-.982.145-.54.048-1.194.048-1.749a2.78 2.78 0 0 1 2.777-2.777"/>[m
[31m-  </symbol>[m
[31m-  <symbol id="github-icon" viewBox="0 0 19 19">[m
[31m-    <path fill="#08060d" fill-rule="evenodd" d="M9.356 1.85C5.05 1.85 1.57 5.356 1.57 9.694a7.84 7.84 0 0 0 5.324 7.44c.387.079.528-.168.528-.376 0-.182-.013-.805-.013-1.454-2.165.467-2.616-.935-2.616-.935-.349-.91-.864-1.143-.864-1.143-.71-.48.051-.48.051-.48.787.051 1.2.805 1.2.805.695 1.194 1.817.857 2.268.649.064-.507.27-.857.49-1.052-1.728-.182-3.545-.857-3.545-3.87 0-.857.31-1.558.8-2.104-.078-.195-.349-1 .077-2.078 0 0 .657-.208 2.14.805a7.5 7.5 0 0 1 1.946-.26c.657 0 1.328.092 1.946.26 1.483-1.013 2.14-.805 2.14-.805.426 1.078.155 1.883.078 2.078.502.546.799 1.247.799 2.104 0 3.013-1.818 3.675-3.558 3.87.284.247.528.714.528 1.454 0 1.052-.012 1.896-.012 2.156 0 .208.142.455.528.377a7.84 7.84 0 0 0 5.324-7.441c.013-4.338-3.48-7.844-7.773-7.844" clip-rule="evenodd"/>[m
[31m-  </symbol>[m
[31m-  <symbol id="social-icon" viewBox="0 0 20 20">[m
[31m-    <path fill="none" stroke="#aa3bff" stroke-linecap="round" stroke-linejoin="round" stroke-width="1.35" d="M12.5 6.667a4.167 4.167 0 1 0-8.334 0 4.167 4.167 0 0 0 8.334 0"/>[m
[31m-    <path fill="none" stroke="#aa3bff" stroke-linecap="round" stroke-linejoin="round" stroke-width="1.35" d="M2.5 16.667a5.833 5.833 0 0 1 8.75-5.053m3.837.474.513 1.035c.07.144.257.282.414.309l.93.155c.596.1.736.536.307.965l-.723.73a.64.64 0 0 0-.152.531l.207.903c.164.715-.213.991-.84.618l-.872-.52a.63.63 0 0 0-.577 0l-.872.52c-.624.373-1.003.094-.84-.618l.207-.903a.64.64 0 0 0-.152-.532l-.723-.729c-.426-.43-.289-.864.306-.964l.93-.156a.64.64 0 0 0 .412-.31l.513-1.034c.28-.562.735-.562 1.012 0"/>[m
[31m-  </symbol>[m
[31m-  <symbol id="x-icon" viewBox="0 0 19 19">[m
[31m-    <path fill="#08060d" fill-rule="evenodd" d="M1.893 1.98c.052.072 1.245 1.769 2.653 3.77l2.892 4.114c.183.261.333.48.333.486s-.068.089-.152.183l-.522.593-.765.867-3.597 4.087c-.375.426-.734.834-.798.905a1 1 0 0 0-.118.148c0 .01.236.017.664.017h.663l.729-.83c.4-.457.796-.906.879-.999a692 692 0 0 0 1.794-2.038c.034-.037.301-.34.594-.675l.551-.624.345-.392a7 7 0 0 1 .34-.374c.006 0 .93 1.306 2.052 2.903l2.084 2.965.045.063h2.275c1.87 0 2.273-.003 2.266-.021-.008-.02-1.098-1.572-3.894-5.547-2.013-2.862-2.28-3.246-2.273-3.266.008-.019.282-.332 2.085-2.38l2-2.274 1.567-1.782c.022-.028-.016-.03-.65-.03h-.674l-.3.342a871 871 0 0 1-1.782 2.025c-.067.075-.405.458-.75.852a100 100 0 0 1-.803.91c-.148.172-.299.344-.99 1.127-.304.343-.32.358-.345.327-.015-.019-.904-1.282-1.976-2.808L6.365 1.85H1.8zm1.782.91 8.078 11.294c.772 1.08 1.413 1.973 1.425 1.984.016.017.241.02 1.05.017l1.03-.004-2.694-3.766L7.796 5.75 5.722 2.852l-1.039-.004-1.039-.004z" clip-rule="evenodd"/>[m
[31m-  </symbol>[m
[31m-</svg>[m
[32m+[m[32m<?xml version="1.0" encoding="UTF-8"?>[m
[32m+[m[32m<svg xmlns="http://www.w3.org/2000/svg" viewBox="0 0 1095 1095" width="1095" height="1095">[m
[32m+[m[32m<path d="M543 99.22C545.57 100.93 549.01 100.43 552 99.68C559.25 98.02 571.89 100.01 579.5 100.73C594.48 102.14 609.22 104.5 624 107.29C630.13 108.44 636.93 109.33 642.57 111.78C643.47 115.31 647.79 118.86 651.7 119.59C653.2 119.87 654.22 118.64 655.55 118.9C656.78 119.15 659.86 122.24 661.66 122.95C664.37 124.03 666.58 122.82 669.09 123.46C670.48 123.81 671.56 125.07 672.91 125.56C678.08 127.42 683.23 128.87 688.22 131.33C689.05 131.73 689.68 132.69 690.63 132.84C691.41 132.97 691.98 132.22 692.69 132.33C693.82 132.49 693.76 133.45 694.69 133.7C695.64 133.95 696.43 133.09 697.41 133.28C699.53 133.69 701.71 136.65 703.91 137.49C705.61 138.14 707.91 138.02 709.45 138.71C711.1 139.44 711.9 141.44 713.69 142.09C714.54 142.39 715.47 142.09 716.22 142.36C718.62 143.24 724.83 146.92 726.87 148.68C727.57 149.29 727.82 150.26 728.53 150.8C728.89 151.07 736.65 153.89 737.55 154.16C738.45 154.43 739.13 153.83 740.08 154.37C741.23 155.03 741.14 156.58 742.02 157.25C743.21 158.15 745.6 157.37 747.08 158.5C747.9 159.13 747.92 160.14 748.65 160.79C749.72 161.73 751.31 161.47 752.41 162.17C753.22 162.68 753.36 163.75 754.17 164.3C756.31 165.75 758.78 166.07 760.97 167.5C763.56 169.19 764.6 172.66 767.17 174.31C768.46 175.14 770.09 175.22 771.41 175.99C772.28 176.5 772.83 177.33 773.7 177.84C774.99 178.59 777.02 178.62 778.21 179.47C780.26 180.95 781.64 184.17 783.78 185.63C784.44 186.08 785.42 185.94 786.09 186.42C786.9 187 787.01 188.08 787.8 188.61C788.7 189.21 789.88 189.03 790.79 189.71C792.08 190.68 792.49 192.65 793.96 193.56C794.84 194.1 795.98 194.08 796.71 194.78C797.97 195.98 798.37 198.3 800.05 199.38C801.79 200.5 804.84 200.45 806.36 201.86C807.72 203.12 808.1 205.57 809.78 206.56C811.25 207.42 813 207.04 814.39 208.12C815.66 209.11 815.67 210.69 816.69 211.83C817.54 212.78 818.92 212.78 819.73 213.69C820.42 214.47 820.33 215.74 821.11 216.52C821.63 217.04 822.41 216.94 823.01 217.36C824.6 218.45 825.48 220.41 827.05 221.53C828.72 222.73 831.31 223.35 832.77 224.75C833.71 225.65 833.75 227.18 834.37 228.26C836.25 231.49 838.45 232.09 840.28 234.22C840.78 234.79 840.81 235.61 841.29 236.19C843.7 239.09 848.18 239.92 850.68 242.7C851.8 243.95 851.82 245.52 852.53 246.93C853.18 248.22 854.59 249.05 855.31 250.19C855.87 251.06 856.01 252.07 856.55 252.96C857.51 254.57 859.3 254.86 860.42 256.1C861.1 256.86 861.16 257.89 861.8 258.7C863.9 261.38 867.22 261.28 869.54 262.5C867.16 266.64 869.22 264.3 870.41 267.55C870.72 268.38 870.17 269.36 870.42 270.22C871.07 272.44 873.78 274.7 874.99 276.69C875.95 278.26 875.79 279.96 877.13 281.32C879.15 283.38 879.03 283.5 880.64 285.86C881.48 287.08 882.95 287.57 883.86 288.65C884.89 289.87 884.81 291.62 885.75 292.83C886.3 293.54 887.29 293.77 887.93 294.45C890.1 296.72 890.79 300.4 892.73 302.73C893.34 303.47 894.62 303.61 895.23 304.32C896.15 305.37 896.02 306.73 896.68 307.91C897.37 309.15 898.89 309.6 899.64 310.75C900.52 312.1 901.92 314.92 902.28 316.51C902.54 317.65 902.08 319.1 902.49 320.17C902.87 321.16 904.24 321.63 904.71 322.72C905.27 324.03 904.97 325.57 905.72 326.81C906.19 327.59 907.16 327.84 907.68 328.56C909.21 330.69 909.33 333.53 911.11 335.59C911.43 335.97 912.48 336.42 912.68 336.79C913.53 338.35 912.86 340.37 913.68 341.91C914.11 342.73 915.16 342.93 915.56 343.77C916.19 345.07 915.92 346.72 916.49 348.07C916.99 349.22 918.24 349.7 918.72 350.73C919.48 352.39 918.74 354.33 919.65 355.91C920.26 356.96 921.7 357.05 922.38 358.02C923.07 359.04 922.92 360.23 923.41 361.29C923.69 361.88 924.29 361.95 924.56 362.54C925.24 364.02 924.99 365.79 925.49 367.24C925.95 368.58 927.35 369.34 927.86 370.68C928.37 372.01 928.12 373.51 928.67 374.83C929.35 376.46 931.13 378.07 931.6 379.71C931.91 380.78 931.31 381.77 931.72 382.87C932.68 385.4 934.77 384.99 936.2 386.68C937.33 388.01 937.59 394.63 937.71 396.5C937.89 399.48 938.24 403.44 939.3 406.22C939.82 407.59 941.12 408.44 941.51 409.91C942.14 412.27 940.6 414.24 941.1 416.51C941.34 417.58 942.17 417.69 942.64 418.54C943.76 420.61 943.47 423.3 944.43 425.34C944.73 425.99 945.47 426 945.84 426.59C946.71 427.99 949.28 435.9 949.64 437.73C950.29 440.93 950.89 444.36 951.22 447.52C951.49 450.13 950.82 452.86 951.11 455.5C951.25 456.82 952.15 458.21 952.14 459.48C952.13 462.05 950.66 464.45 951.46 467.28C951.74 468.26 952.73 468.66 953.02 469.61C953.38 470.82 952.93 472.05 953.27 473.28C953.62 474.49 954.65 475.15 954.87 476.52C955.41 479.75 954.55 483.17 954.97 486.5C955.3 489.09 956.86 489.04 957.54 490.59C958.29 492.32 955.33 497.09 955.23 499.5C955.13 501.86 955 506.04 955.42 508.24C955.61 509.2 956.75 509.78 956.87 510.7C957.06 512.13 955.68 512.56 955.39 513.79C955.11 515 955.92 515.49 955.93 516.52C955.94 517.4 955.3 518.61 955.14 519.5C956.72 519.88 958.48 519.69 959.09 521.49C960.04 524.3 957.41 526.04 957.44 528.66C957.45 530.05 958.47 531.26 958.68 532.67C959.39 537.59 960.29 545.27 958.46 549.96C958.2 550.63 957.45 550.97 957.27 551.69C956.77 553.82 958.51 555.65 958.7 557.66C958.84 559.21 958.11 563.02 957.49 564.36C957.08 565.24 955.75 565.76 955.17 566.67C954.18 568.22 954.63 569.74 954.09 571.37C953.37 573.57 951.58 574.08 951.34 576.49C951.08 579.11 950.33 587.27 950.59 589.5C950.74 590.76 951.98 591.34 952.14 592.55C952.31 593.91 951.22 595.15 951.14 596.52C951.07 597.8 951.95 599.22 951.62 600.43C951.25 601.78 947.98 603.47 947.87 604.73C947.75 605.99 949.46 605.91 949.25 607.35C949.17 607.92 947.75 608.28 947.41 608.78C946.15 610.58 944.9 614.56 944.28 616.71C943.91 618.01 943.04 620.14 943.05 621.47C943.05 622.25 943.87 622.89 943.8 623.63C943.68 624.86 942.72 624.61 942.34 625.56C941.45 627.82 942.29 630.81 941.45 633.08C940.9 634.56 938.96 635.38 938.33 636.67C936.75 639.89 937.51 643.06 934.34 645.5C934.79 645.59 934.91 646.46 935.37 646.42C936.12 646.35 936.8 644.22 937.64 645.72C937.78 645.96 937.72 646.31 937.92 646.5C936.85 648.12 935.58 648.51 934.42 649.79C933.49 650.81 933.34 652.9 932.32 653.91C931.8 654.43 930.87 654.26 930.46 654.84C929.97 655.52 927.79 661.59 927.74 662.5C927.66 664.01 928.4 665.91 927.76 667.35C927.46 668.04 926.54 667.99 926.09 668.52C925.11 669.68 925.23 674.05 923.4 674.29C920.2 674.72 924.16 671 919.5 673.38C920.2 677.25 921.19 672.97 921.5 677.26C919.73 679.52 917.88 678.32 915.5 679C915.89 681.33 917.26 681.34 919.5 682.02C919.08 682.96 920.16 683.54 919.26 684.35C918.7 684.86 917.38 683.65 916.64 683.76C916.34 683.8 915.58 684.96 915.28 685.06C914.21 685.39 913.53 683.89 912.44 683.87C910.72 683.83 912.05 684.26 910.24 684.5C910.38 685.83 910.55 687.18 911.35 688.35C912.02 689.32 916.13 692.07 914.19 693.49C913.69 693.86 910.76 694.3 910.05 694.5C912.06 695.78 915.88 698.1 912.25 700.54C906.01 704.73 907.21 698.14 905.28 697.44C904.89 697.31 903.25 697.52 903.05 697.5C902.64 698.43 902.11 700.79 901.39 701.59C900.73 702.32 899.25 702.5 898.46 703.13C896.6 704.64 894.57 707.42 891.68 706.57C890.19 706.14 888.73 703.84 887.5 702.79C882.61 704.92 884.03 705.23 878.38 703.5C878.67 703.18 878.39 702.51 878.74 702.26C879.45 701.77 880.71 702.5 881.21 701.41C881.61 700.53 880.54 700.81 880.5 700.13C878.06 698.92 875.62 697.71 873.17 696.5C873.82 698 876.3 700.92 873.31 701.68C872.7 701.84 871.17 701.93 870.6 701.58C869.57 700.96 870.84 700.06 870.69 699.33C870.54 698.58 869.55 698.01 869.47 697.39C869.35 696.31 870.25 695.82 870.17 694.83C870.12 694.06 869.55 694.85 869.33 694.5C867.68 695.99 869.96 694.95 868.48 695.85C866.84 696.84 864.25 695.97 862.49 696.78C861.76 697.11 861.14 698.53 860.44 698.41C860.11 698.35 858.99 697.54 858.84 697.27C858.07 695.95 859.13 694.82 858.69 693.45C858.51 692.88 857.78 692.65 857.5 692.13C856.14 693.92 858.02 693.07 856.39 694.49C855.68 695.11 854.54 694.25 854 694.88C853.68 695.26 854.38 696.62 853.98 697.31C853.3 698.46 853.35 697.4 852.5 698.26C850.82 698.63 843.4 699.01 842.41 697.37C842.16 696.96 842.48 694.68 842.5 694.17C842.12 694.45 840.92 695.5 840.47 695.62C838.47 696.15 833.29 694.92 831.67 697.12C830.67 698.48 831.35 700.54 831 702.1C829.78 701.84 823.57 701.09 822.75 701.41C821.66 701.84 821.62 703.34 820.5 703.66C820 703.79 818.62 703.36 817.94 703.44C815.43 703.74 813.86 705.39 811.5 705.81C811.36 705.46 810.79 705.51 810.55 705.24C810.15 704.81 810.51 701.86 810.5 701.33C807.13 702.84 806.9 702.89 807.75 706.5C804.16 706.53 800.89 707.4 800.5 703.06C796.33 704.87 796.44 704.1 792.5 702.86C790.1 705.76 788.76 708.54 785.5 710.3C785.33 708.03 785.17 705.77 785 703.5C782.98 704.14 783.15 705 782.5 707.27C780.81 703.4 782.1 702.76 777.47 703.04C776.31 703.11 774.58 702.79 773.53 703.44C772.51 704.07 773.24 705.47 772.3 705.89C771.4 706.3 771.55 705.45 770.66 705.5C770.55 704.53 771.03 704 770.38 703.12C769.45 701.86 764.77 702.91 763.88 703.87C763.08 704.72 763.38 706.23 762.43 706.86C762.09 707.09 760.79 707.22 760.5 707.33C760.28 706.65 759.65 706.15 759.49 705.46C759.35 704.87 759.8 704.23 759.62 703.65C759.15 702.15 757.49 701.27 757.45 699.5C757.42 698.23 758.28 697.36 758.49 696.21C758.85 694.31 758.02 692.29 757.58 690.5C760.18 688.92 761.86 689.75 760.7 686.5C761.46 686.62 762.27 686.22 763.02 686.43C763.72 686.63 763.89 687.54 764.67 687.68C766.04 687.94 767.97 685.72 769.51 686.13C770.23 686.32 770.16 687.38 770.75 687.72C771.04 687.89 771.41 687.41 771.73 687.5C769.69 683.5 767 681.42 771.5 678.11C771.62 681.72 771.06 683.24 774.73 684.5C774.05 682.21 774.34 678.47 775.92 676.46C776.65 675.53 777.98 675.26 778.7 674.29C779.45 673.29 779.49 671.84 780.34 670.87C781.61 669.41 783.29 668.67 784.28 666.84C786.35 662.99 784.51 662.34 784.5 658.83C786.17 659.42 787.83 660.02 789.5 660.61C788.77 658.54 787.3 657.93 787.17 657.49C786.7 655.87 791.75 650.49 792.57 649.5C791.81 649.25 790.2 648.89 789.63 648.29C789.19 647.83 789.57 646.73 789.29 646.14C788.95 645.45 787.81 645.53 787.77 644.46C787.73 643.39 789.13 642.98 789.13 642.27C789.13 640.54 785.88 640.44 787.33 636.61C787.42 636.37 792.2 631.32 792.53 631.06C793.76 630.1 796.72 630.22 795.77 627.59C795.49 626.82 794.33 627.11 794.04 626.28C793.96 626.03 794.3 625.71 794.14 625.5C795.59 625.58 797.05 625.65 798.5 625.73C797.61 622.21 794.7 623.39 793.51 619.99C792.67 617.61 794.35 616.37 794.62 614.25C794.71 613.53 794.19 613.17 794.18 612.49C794.17 611.38 794.45 608.45 795.08 607.59C795.88 606.5 797.3 607.17 798.17 606.48C798.78 606 800.18 601.54 799.18 601.01C798.45 600.62 797.56 601.48 796.73 601.5C796.71 600.85 795.77 600.35 795.92 599.72C796.07 599.09 797.4 598.96 797.76 598.39C799.47 595.76 798.67 590.35 798.5 587.43C795.68 585.99 787.87 583.83 789.81 578.72C790.11 577.93 790.77 578.29 791.27 577.82C791.98 577.15 792.09 576.36 792.57 575.5C790.86 575.33 787.88 575.51 788.01 572.71C788.05 571.74 789.4 571.87 789.12 570.63C788.7 568.75 787.62 572.13 787.5 567.14C792.02 567.1 790.82 565.21 791.83 561.5C790.05 561.58 788.28 561.66 786.5 561.75C786.53 555.76 789.63 559.71 791.28 555.82C792.67 552.55 791.81 548.62 792.73 545.5C794.65 545.38 796.58 545.26 798.5 545.14C797.91 543.26 797.32 541.38 796.73 539.5C799.53 537.57 801.36 537.13 802.12 533.62C802.22 533.16 802.77 532.3 802.55 531.8C801.2 528.75 799.77 533.03 799.5 526.75C800.12 526.65 801.74 526.41 802.5 526.49C803.46 526.59 803.11 527.39 804.02 527.23C804.36 527.18 807.87 524.88 808.61 524.5C805.64 524.17 802.67 523.83 799.7 523.5C801.68 522.32 804.25 521.14 805.77 519.39C806.75 518.27 805.54 518.74 806.71 517.71C808.28 516.34 810.01 517.45 810.5 515.27C808.42 514.35 806.34 513.42 804.25 512.5C804.34 510.38 804.42 508.26 804.5 506.14C806.58 506.59 808.65 507.05 810.73 507.5C811.99 504.61 810.75 504.12 811.13 501.73C811.3 500.59 812.64 497.8 813.15 496.67C813.99 494.83 817.82 491.16 817.89 490.44C818.09 488.4 816.28 487.59 814.95 486.5C818.72 484.64 817.82 483.37 819.5 479.7C820.6 480.65 822.11 482.46 823.65 482.76C825.73 483.18 831.32 482.58 833.44 482.05C834.1 481.89 834.91 481.16 835.56 481.16C837.19 481.15 838.31 482.43 840.11 482.5C840.16 481.17 840.21 479.83 840.25 478.5C840.47 478.54 840.53 478.11 840.74 478.05C841.61 477.78 841.86 479.31 842.6 479.31C844.61 479.33 845.75 476.18 846.5 474.67C847.83 475.82 849.17 476.97 850.5 478.11C850.83 475.74 851.69 478.76 851.38 476.63C851.24 475.65 848.6 475.28 850.24 473.66C851.17 472.74 852.2 473.1 853.31 472.6C858.02 470.46 857.15 469 862.5 471.83C862.27 471.1 861.04 468.54 861.04 468.5C861.02 467.73 862.22 466.73 862.67 466.19C865.57 462.72 868.65 464.88 872.51 464.65C874.32 464.54 875.58 463.05 877.5 462.77C881.72 462.15 886 462.74 889.82 460.34C893.23 458.2 894.47 453.28 893.17 449.52C892.79 448.43 891.38 446.89 891.58 445.69C891.89 443.87 894.43 442.41 895.4 440.95C898.09 436.87 896.34 431.2 891.95 429.93C891.7 429.96 891.45 429.99 891.19 430.01C890.44 428.76 889.69 427.51 888.93 426.25C889.29 426.08 889.64 425.91 890 425.74C890.09 424.87 890.17 424.01 890.26 423.14C890.15 422.09 890.04 421.05 889.94 420C889.69 418.35 889.44 416.7 889.2 415.05C888.72 413.37 888.25 411.68 887.78 410C887.56 409.25 887.35 408.5 887.13 407.75C887.07 407.5 887.01 407.25 886.95 407C886.92 406.35 886.89 405.71 886.85 405.06C886.6 404.04 886.35 403.01 886.1 401.98C885.76 401.63 885.41 401.28 885.07 400.93C884.79 400.12 884.52 399.31 884.25 398.5C884.19 398.33 884.13 398.17 884.07 398C880.8 388.87 872.66 374.64 864.26 369.56C863.99 369.29 863.71 369.02 863.43 368.76C861.68 367.15 859.93 365.55 858.18 363.95C857.22 363.26 856.26 362.57 855.3 361.87C854.25 361.14 853.19 360.41 852.14 359.68C850.15 358.14 848.16 356.61 846.16 355.07C845.46 354.79 844.76 354.5 844.05 354.22C843.03 353.88 842.02 353.53 841 353.19C839.11 352.11 837.22 351.03 835.33 349.95C834.56 349.66 833.79 349.36 833.02 349.07C832.95 348.77 832.88 348.47 832.81 348.17C832.85 347.81 832.88 347.45 832.91 347.08C833.19 347.23 833.46 347.37 833.73 347.52C834.62 347.47 835.51 347.43 836.4 347.39C836.38 346.93 836.37 346.48 836.36 346.02C836.68 342.89 835.95 340.44 832.98 339.21C832.51 338.53 832.04 337.84 831.57 337.16C831.46 335.11 831.35 333.05 831.23 331C830.84 330.3 830.45 329.6 830.05 328.9C829.26 326.42 828.09 325.32 825.64 324.32C825.45 324.18 825.25 324.03 825.05 323.89C825.51 321.53 825.88 319.5 823 319.27C822.83 318.75 822.67 318.22 822.5 317.7C821.51 318.42 820.51 319.14 819.52 319.86C819.35 320.08 819.19 320.29 819.02 320.51C818.26 320.84 817.49 321.17 816.73 321.5C816.82 322.32 816.91 323.14 817 323.96C816.32 324.24 815.64 324.51 814.96 324.79C814.81 324.14 814.65 323.49 814.5 322.85C813.91 323.54 813.31 324.24 812.72 324.94C812.77 325.29 812.82 325.65 812.87 326C812.94 326.3 813.01 326.59 813.08 326.89C812.98 327.22 812.89 327.55 812.79 327.88C812.22 328.59 811.64 329.29 811.06 330C810.97 330.78 810.88 331.56 810.79 332.35C810.23 332.59 809.67 332.84 809.12 333.09C807.16 333.09 807.38 332.91 806.08 334.13C804.19 335.96 803.13 337.03 802.91 339.68C802.54 339.96 802.16 340.23 801.79 340.5C802.78 340.75 803.77 341 804.76 341.25C805.82 341.32 806.89 341.39 807.95 341.46C808.63 341.64 809.32 341.82 810 341.99C809.97 342.33 809.95 342.67 809.92 343.01C806.35 342.79 802.05 341.97 799 343.77C796.38 343.91 793.76 344.05 791.14 344.19C790.82 344.01 790.5 343.83 790.17 343.65C787.17 342.6 784.59 344.14 781.5 344.09C780.73 344.07 780.11 343.54 779.33 343.47C776.31 343.18 772.64 344.61 769.76 345.42C767.71 345.99 765.4 347.45 763.27 347.6C760.91 347.76 760.91 345.89 759.26 345.22C757.85 344.65 756.05 345.08 754.5 344.73C754.18 343.13 752.85 339.93 754.06 338.5C754.39 338.1 755.02 337.96 755.27 337.5C754.04 337.31 751.26 337.42 750.51 336.24C748.53 333.17 751.42 329.2 751.92 326.5C752.41 323.83 751.51 321.97 751.18 319.48C750.7 315.87 750.85 312.15 750.88 308.5C750.9 306.45 750.25 298.71 748.34 297.55C746.83 296.63 748.57 297.96 746.85 297.3C746.59 296.86 746.34 296.43 746.09 296C746.05 295 746.02 294 745.99 293C746.69 279.95 742.62 266.74 739.88 254.1C739.65 253.34 739.43 252.58 739.2 251.82C739.07 251.55 738.94 251.27 738.81 251C737.93 248.58 737.04 246.16 736.16 243.74C735.62 241.83 735.07 239.91 734.52 238C734.52 238.02 734.51 238.05 734.5 238.07C733.64 235.4 732.77 232.72 731.91 230.05C731.58 229.32 731.24 228.6 730.91 227.88C727.94 223.67 726.25 218.34 723.76 213.76C718.53 204.11 712.56 195.19 705.98 186.43C702.93 182.37 699.24 176.78 694.97 174.13C694.07 173.08 693.16 172.03 692.25 170.97C691.84 170.57 691.43 170.16 691.02 169.75C690.02 168.8 689.01 167.85 688 166.9C685.02 164.26 682.04 161.61 679.06 158.97C678.02 157.96 676.98 156.95 675.95 155.95C672.49 152.32 663.7 145.01 659.12 144.1C658.1 143.35 657.07 142.61 656.05 141.86C649.72 138.17 643.39 134.48 637.06 130.79C636.48 130.49 635.91 130.18 635.33 129.88C630.64 127.83 625.96 125.77 621.27 123.72C620.62 123.44 619.97 123.16 619.32 122.89C612.3 120.23 605.13 118.01 598 115.82C591.89 113.94 584.98 113.94 579.17 111.32C578.94 110.88 578.72 110.44 578.5 110C577.94 110.38 577.39 110.76 576.83 111.14C574.89 110.98 572.94 110.81 571 110.64C571.43 110.26 571.87 109.88 572.3 109.5C571.2 109.69 570.1 109.88 569 110.07C568 109.99 567 109.92 566 109.84C565.67 109.46 565.33 109.07 565 108.69C563.04 107.85 562.54 108.03 560.94 109.15C557.96 108.85 554.98 108.55 552 108.25C551.83 107.84 551.67 107.42 551.5 107C551 107.3 550.5 107.59 550 107.89C548.67 108.05 547.33 108.21 546 108.37C544.72 108.27 543.44 108.18 542.17 108.09C541.94 107.81 541.72 107.54 541.5 107.27C541 107.44 540.5 107.61 540 107.78C538.4 107.02 538.44 107.1 537.17 108.03C537.11 108.29 537.06 108.56 537 108.82C534.03 108.93 531.07 109.04 528.1 109.15C528.23 108.36 527.94 107.63 528.48 106.91C529.72 105.29 532.58 106.02 534.26 105.58C537.02 104.85 539.76 103.08 540.5 100.41C539.33 100.17 538.17 99.94 537 99.71C539 99.55 541 99.38 543 99.22ZM509.61 101.87C511.76 105.6 511.23 102.99 514.31 103.81C515.23 104.06 515.72 105.27 516.75 105.57C520.41 106.65 523.58 104.75 526.17 109.21C513.12 111.84 500.08 114.47 487.03 117.1C486.36 117.23 485.68 117.37 485 117.5C478.65 119.69 472.31 121.87 465.96 124.06C465.27 124.34 464.58 124.61 463.9 124.89C462.92 125.27 461.95 125.65 460.98 126.02C460.28 126.32 459.58 126.62 458.88 126.91C434.14 138.45 410.58 152.18 391.03 171.52C384.47 178.01 378.28 184.87 372.65 192.16C369.79 195.87 367.32 199.99 364.17 203.43C363.8 203.95 363.43 204.47 363.06 204.99C357.68 215.66 352.3 226.33 346.92 237C345.66 237.2 346.96 236.12 345.6 236.75C344.29 237.35 343.04 240.6 342.41 241.87C339.98 246.75 338.7 252.25 337.07 257.41C335.64 261.93 334.93 266.73 333.51 271.23C333.01 272.81 331.79 274.07 331.42 275.7C330.48 279.86 331.62 284.3 330.63 288.48C330.41 289.45 329.71 289.82 329.46 290.68C328.85 292.75 329.17 295.35 328.98 297.5C328.8 299.53 327.95 301.56 327.85 303.51C327.8 304.52 328.3 305.48 328.26 306.5C328.21 307.92 327.34 309.22 327.29 310.61C327.25 311.62 327.8 312.48 327.77 313.5C327.7 315.6 326.47 317.65 326.12 319.66C325.68 322.19 326.12 324.96 325.56 327.46C325.3 328.62 324.27 329.05 324.51 330.47C324.89 332.7 327.98 334.34 329.6 335.5C329.26 336.27 328.25 337.8 328.1 338.61C327.71 340.77 328.82 343.19 328.07 345.36C327.33 347.5 325.07 348.65 325.64 351.48C325.96 353.07 327.41 353.17 327.82 354.57C328 355.21 327.2 356.42 327.39 357.3C327.49 357.76 328.08 358.1 328.01 358.56C327.83 359.85 326.8 359.77 326.46 360.79C325.34 364.16 327 366.27 329.13 368.5C327.94 369.44 325.3 370.7 324.62 372.13C324.05 373.33 325.26 373.56 325.4 374.57C325.64 376.16 324.97 377.51 325.45 379.09C325.63 379.68 327.36 381.32 327.36 381.59C327.34 383.09 326.2 382.55 325.78 383.69C325.62 384.11 326.53 384.38 326.5 384.83C327.92 385.05 329.33 385.28 330.75 385.5C329.8 389.87 329.48 386.25 327.27 388.5C328.27 389.5 329.27 390.5 330.27 391.5C329.06 392.46 326.84 392.88 326.25 393.59C325.94 393.97 325.92 394.88 325.62 395.28C325.24 395.78 324.38 395.93 324.17 396.53C323.62 398.06 324.32 399.77 323.96 401.34C323.92 401.49 323.09 402.57 323.03 402.72C322.77 403.45 323.13 404.81 322.72 405.41C322.13 406.3 320.75 405.73 320.23 406.68C319.66 407.71 320.9 409.15 320.71 410.27C320.48 411.6 319.13 412.25 318.53 413.18C316.35 416.5 316.42 416.23 313.5 412.86C313.29 414.08 313.31 418.53 312.28 419.3C311.37 419.99 310.79 417.58 309.83 418.71C309.42 419.19 310.17 420.68 309.96 421.36C309.87 421.66 306.87 425.65 306.51 426.06C305.64 427.06 303.51 427.28 303.08 428.61C302.79 429.51 304.05 430.54 303.6 431.29C303.27 431.83 300.31 431.72 298.17 434.5C300.74 434.66 301.94 434.8 303.86 436.5C302.15 440.73 301.76 437.55 298.83 439.31C297.82 439.92 297.62 442.39 296.92 443.28C295.52 445.1 293.09 446.99 291.43 448.5C292.8 448.01 294.52 447.37 295.79 446.26C296.95 445.24 298.02 442.74 299.52 442.25C300.4 441.96 301.6 442.25 302.5 442.25C302.56 442.5 302.86 442.61 302.97 442.83C304.02 445.1 301.91 443.96 301 444.69C298.97 446.33 303.3 451.07 296.5 448.11C296.48 449 296.04 450.24 296.43 451.13C296.62 451.55 297.34 451.42 297.67 451.73C300.26 454.16 300.1 456.06 297.1 457.77C296.44 458.15 296.3 458.63 295.49 458.8C294.83 458.94 294.16 458.66 293.5 458.57C293.95 459.99 295.34 462.09 295.32 463.56C295.3 465.05 293.55 466.05 293.68 467.39C293.76 468.19 294.86 468.56 295.09 469.37C295.74 471.71 294.91 474.17 296.85 476.25C297.4 476.84 298.92 476.94 299.61 477.35C301.82 478.66 303.36 480.42 305.08 482.5C304.21 482.69 301.49 482.88 300.8 483.43C298.4 485.36 303.65 490.22 302.59 492.43C302.56 492.48 300.52 494.15 300.19 494.5C301.51 494.57 299.93 495.31 301.31 495.02C305.52 494.14 300.76 492.66 304.72 495.5C302.49 499.05 302.55 502.04 303.19 506.5C304.19 506.83 305.19 507.17 306.19 507.5C306.25 508.83 306.3 510.17 306.36 511.5C310.21 511.31 309.53 510.7 311.94 514.5C308.28 514.53 307.53 514.03 305.5 517.19C309.61 516.43 311.66 520.45 308.14 522.13C307.02 522.67 305.61 521.65 304.5 521.4C304.47 523.79 304.76 526.02 303.99 528.4C303.46 530.07 302.14 531.07 302.69 532.94C303.37 535.23 305.22 534.62 306.58 536.09C307.44 537.01 307.08 538.02 307.61 538.75C310.21 542.31 310.77 537.93 310.5 544.08C306.74 543.63 308.66 541.76 305.19 543.5C307.7 544.45 310.85 546.17 310.8 549.48C310.77 551.6 309.01 554.66 310.82 556.65C312.56 558.56 315.57 557.02 317.48 557.03C320.75 557.04 322.46 559.01 323.64 561.5C322.21 562.09 320.6 562.1 319.18 562.73C318.11 563.21 317.58 564.67 316.36 564.93C315.08 565.21 313.39 563.79 312.46 564.09C311.5 564.39 311.75 564.97 310.82 565.5C311.85 566.15 312.23 566.65 313.46 567.18C314.33 567.55 315.28 566.69 315.97 567.69C316.84 568.94 313.06 574.18 312.5 575.1C312.13 575.12 312.01 574.48 311.66 574.37C310.89 574.14 310.85 575.18 310.28 575.26C309.33 575.39 308.61 574.42 307.73 574.74C306.7 575.13 306.22 576.98 305.5 577.75C304.95 578.34 304.16 578.44 303.7 579.21C303.14 580.17 303.52 581.49 302.94 582.47C302.1 583.86 299.45 583.77 298.68 585.1C298.19 585.94 298.8 586.6 298.53 587.46C298.27 588.32 297.46 588.8 297.28 589.67C297 591.04 298.11 592.08 297.95 593.41C297.82 594.47 296.57 594.81 296.87 596C297.03 596.67 297.91 597.03 298 597.68C298.12 598.55 296.97 599.64 297.32 600.4C297.65 601.13 297.91 600.32 298.5 600.89C301.72 597.63 297.83 594.98 299.74 592.6C300.58 591.55 302.25 592.32 303.23 591.25C303.76 590.68 303.06 589.73 303.49 589.07C303.78 588.63 304.99 588.32 305.43 587.96C309.44 584.58 310.43 583.63 314.3 588.5C309.23 589 309.86 589.08 306.3 592.5C308.49 593.21 309.85 592.49 309.65 595.5C309.64 595.69 309.49 597.19 309.35 597.39C308.81 598.22 307.41 598 307.01 598.81C306.44 599.96 308.45 602.43 308.89 603.5C306.88 605.64 303.57 605.91 302.46 608.5C305.52 608.4 303.32 607.8 305.61 607.12C307.17 606.66 308.51 607.65 309.9 606.39C310.77 605.59 310.14 604.49 310.74 603.61C311.55 602.41 315.2 599.44 316.5 598.7C316.42 601.31 317.6 605.63 316.47 607.95C314.72 611.56 310.11 608.58 307.21 610.73C305.83 611.75 306.43 614.14 305.41 615.4C303.33 617.98 300.24 617.53 297.99 619.54C296.81 620.59 292.97 627 291.4 626.3C290.83 626.05 289.76 623.5 289.5 622.93C288.24 626.68 285.56 629.07 281.5 627.39C281.56 625.95 280.56 627.05 281.08 625.6C281.61 624.1 285.5 624.89 283.39 623.07C283.15 622.85 282.81 622.75 282.61 622.5C281.03 623.83 279.46 625.17 277.89 626.5C278.25 627.9 278.5 631.12 279.34 632.24C279.79 632.85 280.78 632.62 281.4 632.98C282.22 633.46 282.75 634.37 283.63 634.66C287.11 635.81 286.64 633.71 288.27 638.5C282.93 639.07 285.58 638.52 282.42 636.5C283.09 642.08 282.89 638.36 284.44 640.15C286.83 642.92 283.92 642.14 289.3 643.5C284.64 646.43 283.6 644.12 282.5 650.3C279.6 648.61 279.02 648.82 277.42 651.5C278.32 652.37 280.86 653.12 281.05 653.56C281.54 654.68 280.5 653.97 280.5 654.93C279.71 654.8 277.93 654.08 277.29 654.8C276.76 655.4 277.18 656.75 276.84 657.47C276.27 658.67 274.54 659.36 274.04 660.78C273.75 661.61 274.06 662.76 273.76 663.44C273.31 664.49 269.91 667.67 268.55 666.79C267.59 666.16 268.35 665.8 267.5 664.86C268.3 664.07 269.11 663.29 269.91 662.5C267.71 660.7 266.23 661.89 263.52 661.41C260.55 660.89 256.96 659.72 254.37 658.34C253.78 658.03 252.8 656.61 252.29 656.5C251.34 656.29 251.26 656.94 250.5 657.27C250.87 658.91 253.46 659.32 255.27 660.5C252.49 662.14 256.6 660.7 253.58 661.96C252.77 662.3 250.62 661.63 250.19 662.53C249.33 664.29 253.19 665.76 250.3 667.77C249.55 668.3 248.48 668 247.66 668.24C243.75 669.38 244.99 668.36 241.47 667.52C240.91 667.38 240.27 667.7 239.74 667.49C239.08 667.23 239.13 666.37 238.36 666.23C237.1 666 234.87 667.09 233.5 667.13C233.69 670.55 232.82 670.59 229.67 671.39C228.91 671.58 228.58 672.59 227.64 672.17C227.33 672.04 227.21 671.54 226.87 671.5C227.2 671.17 227.08 670.51 227.45 670.23C228.07 669.75 229.22 670.1 229.6 669.28C230.11 668.18 227.7 667.11 227.2 666.33C226.88 665.83 227.09 665.11 226.79 664.59C226.22 663.65 220.76 660.06 219.54 660.17C218.39 660.27 217.72 661.47 216.53 661.38C212.23 661.04 214.11 656.72 211.5 663.27C210.82 662.78 207.45 659.21 206.64 659.35C205.44 659.55 206.88 659.66 205.5 660.27C206.09 661.35 206.68 662.42 207.27 663.5C205.55 663.68 202.26 663.45 200.71 664.32C199.29 665.11 199.37 667.31 198.19 667.5C196.29 665.7 194.4 663.91 192.5 662.11C192.44 662.46 191.82 662.43 191.61 662.73C191.1 663.48 192.64 664.47 192.64 665.35C192.64 666.22 191.21 667.62 191.27 670.5C193.94 668.31 194.06 667.26 197.27 669.5C196.32 670.11 194.32 670.55 193.59 671.2C192.73 671.95 193.21 673.39 192.24 674.08C191.43 674.65 191.38 673.87 190.5 674.17C187.8 672.42 187.93 671.08 187.5 667.86C187.28 668.43 186.64 668.78 186.46 669.36C186.02 670.81 186.74 673.06 185.82 674.42C185.28 675.2 182.27 676.26 181.13 677.5C183.01 679.48 183.19 678.71 183.5 681.62C182.17 682.46 180.83 683.29 179.5 684.13C178.83 681.86 178.17 679.59 177.5 677.31C176.51 678.84 175.3 683.09 172.59 682.87C171.31 682.77 172.74 682.5 171.5 682.05C171.48 679.76 172.68 678.91 172.53 677.7C172.35 676.19 170 675.51 169.79 674.28C169.59 673.04 171.21 672.85 171 671.73C170.91 671.26 169.79 671.11 169.57 670.88C168.82 670.03 168.87 668.9 168.5 667.86C169.22 667.07 169.95 666.29 170.67 665.5C168.85 663.48 168.81 665.8 167.62 664.84C165.94 663.49 168.58 660.23 168.73 658.5C165.38 658.97 167.4 659.19 164.79 660.58C163.9 661.05 162.41 659.39 161.49 659.32C160.39 659.23 159.75 660.28 158.66 659.94C157.88 659.69 157.87 658.67 157.22 658.29C156.3 657.78 154.99 658.07 154.25 657.35C153.44 656.56 152.4 652.75 151.64 651.68C150.84 650.56 148.98 649.51 147.95 648.5C148.78 647.75 151.29 645.7 151.52 644.39C151.59 643.97 147.43 634.27 147.33 634.21C146.41 633.68 144.95 633.71 143.95 633.5C145.91 626.27 140.36 628.56 138.82 623.47C138.15 621.27 139.35 618.72 139.08 616.47C138.63 612.64 137.19 615.07 138.17 610.49C138.3 609.87 138.1 608.63 138.45 608.09C139.91 605.77 139.83 610.28 140.5 604.13C137.63 603.82 135.15 601.39 134.12 598.56C133.7 597.4 133.95 596.33 133.33 595.22C133.03 594.68 132.23 594.42 131.88 593.75C130.87 591.82 132.14 590.3 131.84 588.44C131.66 587.31 130.68 586.52 130.66 585.5C130.64 585.03 131.53 584.43 131.56 583.75C131.64 581.94 129.96 580.67 130.15 578.74C130.5 575.26 132.12 572.19 132.15 568.5C132.17 566.37 131.38 565.37 130.96 563.45C130.29 560.4 131.48 557.29 132.57 554.5C130.3 553.22 127.76 551.42 126.38 549.13C123.82 544.88 123.14 533.34 123.96 528.51C124.27 526.67 125.95 525.23 126.12 523.47C126.25 522.11 125.31 521.45 125.19 520.29C125 518.53 125.89 516.37 125.85 514.5C125.79 511.92 125.75 509.28 125.62 506.75C125.57 505.94 124.97 505.52 125.04 504.61C125.1 503.91 125.81 503.18 125.97 502.45C126.39 500.47 125.44 496.81 126.42 495.08C126.9 494.22 128.09 494.86 128.43 493.68C128.63 492.97 127.45 492.36 127.64 491.5C127.92 490.25 129.21 490.27 129.64 489.29C130.55 487.22 129.3 484.65 129.76 482.52C130.08 481.01 131.52 480.28 131.55 478.72C131.57 477.98 131 477.28 131 476.5C131 474.84 131.83 473.49 131.44 471.74C131.05 469.98 130.14 468.23 130.14 466.36C130.15 463.14 131.14 459.76 131.34 456.5C131.48 454.34 131 451.61 131.69 449.51C132.25 447.78 133.97 447.59 134.53 446.23C135.42 444.08 132.96 441.33 133.49 438.97C133.99 436.72 136.14 435.38 136.8 433.35C138.07 429.45 137.36 424.7 138.14 420.67C138.66 417.97 140.36 415.95 141.04 413.47C142.07 409.67 142.05 405.46 143.42 401.74C144.12 399.83 146.14 398.26 146.81 396.29C147.21 395.11 146.85 393.74 147.33 392.6C147.76 391.59 149.19 391.45 149.51 390.27C149.74 389.43 149.04 388.56 149.19 387.64C149.46 385.96 151.15 384.8 151.68 383.24C152.53 380.73 152.87 377.59 153.49 374.97C153.79 373.73 153.42 371.86 153.93 370.78C154.36 369.89 155.7 369.66 156.26 368.8C157.86 366.31 158.91 361.45 160.32 358.73C160.96 357.48 162.23 356.73 162.71 355.28C162.98 354.46 162.74 353.56 163.11 352.75C163.91 351.01 165.86 350.02 166.43 347.98C166.75 346.85 166.17 345.73 166.5 344.7C166.92 343.39 172.45 336.12 173.44 334.06C173.95 333 173.8 331.81 174.31 330.74C174.58 330.18 175.31 329.78 175.67 329.26C177.49 326.63 178.37 323.43 180.19 320.72C181.58 318.66 184.28 318.26 185.26 316.83C185.91 315.88 185.62 314.53 186.11 313.51C186.42 312.89 187.12 312.88 187.46 312.26C189.5 308.48 190.56 304.14 192.98 300.46C194.94 297.48 197.64 295.08 199.48 292.04C200.16 290.91 200.21 289.64 201.07 288.57C202.4 286.89 204.46 286 205.62 284.09C206.28 282.99 206.45 281.76 207.16 280.69C208.55 278.61 211.03 276.87 212.21 274.75C213.15 273.07 212.45 270.85 213.65 269.21C214.52 268.02 216.6 267.15 217.75 266.2C219.03 265.15 219.76 263.43 221 262.45C221.8 261.82 222.82 261.85 223.56 261.17C226.55 258.39 227.92 254.07 230.34 250.87C231.95 248.75 234.75 247.17 236.6 245.24C239.17 242.54 241.07 237.71 244.17 235.69C246.32 234.28 248.94 233.25 250.65 231.18C252.45 229 253.58 225.93 255.36 223.76C257.74 220.85 263.07 218.63 265.64 216.09C267.11 214.63 268.19 212.62 269.81 211.24C270.38 210.75 271.27 210.79 271.74 210.18C272.39 209.35 272.14 208.21 272.81 207.43C274.73 205.17 278.14 204.66 280.42 203.01C281.79 202.01 282.37 200.35 283.59 199.25C284.68 198.27 287.43 197.38 288.17 196.68C289.08 195.83 288.79 194.27 289.79 193.49C290.56 192.89 292.06 193 292.96 192.39C294.48 191.37 295.43 189.61 297.14 188.7C298.09 188.2 299.14 188.07 300.1 187.57C302.6 186.28 304.64 183.98 307.16 182.71C309.66 181.46 312.46 180.68 314.93 179.34C316.3 178.6 316.52 177.05 317.63 176.23C318.48 175.62 319.75 175.8 320.59 175.06C321.21 174.51 321.38 173.21 321.98 172.81C323.37 171.86 325.93 172.42 327.37 170.88C328.11 170.09 327.91 168.97 328.63 168.17C330.23 166.35 333.38 166.02 335.37 164.97C336.49 164.37 336.7 163.01 337.77 162.46C339.77 161.41 342.31 160.93 344.39 160.03C345.1 159.72 345.38 158.94 346.05 158.64C347.34 158.06 348.73 158.36 349.98 157.54C350.79 157.02 351 155.99 351.81 155.56C352.76 155.05 354.19 155.25 355.22 154.67C356.8 153.77 361.6 147.88 362.64 147.41C364.45 146.59 366.46 148.3 368.11 147.5C369.02 147.06 369.06 145.98 369.79 145.4C372.68 143.1 376.42 144.09 373.09 138.86C374.41 138.19 375.74 137.51 377.07 136.84C377.03 138.06 376.98 139.28 376.94 140.5C379.15 140.75 382.11 141.41 384.31 140.74C384.46 140.69 391.57 136.79 392.08 136.48C393.08 135.86 393.55 134.63 394.7 134.19C395.49 133.9 396.43 134.16 397.26 133.95C399.77 133.3 402.03 131.67 404.53 131C406.46 130.48 408.38 130.53 410.28 129.8C411.85 129.2 418.26 125.9 418.51 124.58C418.53 124.47 417.13 122.12 417 121.9C425.51 117.56 438.61 115.41 448 113.14C462.64 109.6 477.09 106.55 492 104.21C497.77 103.31 503.8 101.86 509.61 101.87ZM644.57 112.14C645.22 112.35 645.87 112.57 646.52 112.79C644.82 113.14 645.48 113.38 644.57 112.14ZM445 263.77C444.33 264.03 443.67 264.3 443 264.56C442.67 264.56 442.33 264.56 442 264.56C441.33 264.32 440.67 264.07 440 263.82C441.92 262.44 443.02 262.43 445 263.77ZM649 263.83C647.67 263.82 646.33 263.8 645 263.79C646.81 262.49 647.24 262.51 649 263.83ZM536.89 295.6C536.89 295.97 536.89 296.34 536.89 296.71C536.57 296.78 536.24 296.84 535.92 296.91C536.24 296.47 536.57 296.04 536.89 295.6ZM535.92 296.91C535.65 297.24 535.38 297.57 535.11 297.9C535.38 297.57 535.65 297.24 535.92 296.91ZM375.91 327C375.91 327.67 375.91 328.33 375.91 329C375.47 328.83 375.04 328.67 374.6 328.5C375.04 328 375.48 327.5 375.91 327ZM702.89 342.91C699.35 342.86 700.34 344.74 696.5 344.95C686.03 345.52 675.23 343.26 664.86 345.09C663.35 340.7 668.24 340.91 671.5 340.8C679.15 340.52 686.85 340.7 694.5 340.88C697.77 340.96 701.82 339.69 702.89 342.91ZM703.4 344.57C705.37 350.1 704.14 357.52 703.99 363.5C703.92 366.32 704.32 369.37 703.46 372C703.44 362.86 703.42 353.71 703.4 344.57ZM379.14 346C380.34 349.32 381.27 350.87 379.14 354C379.14 351.33 379.14 348.67 379.14 346ZM378.06 357C379.21 357.33 380.35 357.67 381.5 358C381.08 360.25 380.17 363.21 380.06 365.5C380.03 366.27 380.53 366.78 380.63 367.5C380.78 368.76 380.11 370.09 380.22 371.34C380.66 376.47 382.46 377.78 377.89 381.5C378.5 382.1 380.05 383.25 380.44 384C380.9 384.88 380.02 385.57 380.06 386.5C380.11 387.59 380.8 388.46 380.97 389.53C381.22 391.12 381 392.9 381 394.5C381 400.27 381.86 406.78 380.97 412.47C380.69 414.25 380.12 415.64 380 417.5C380.2 418.11 379.82 418.7 380.22 419.28C380.83 420.17 381.65 419.18 382.24 419.73C383.01 420.45 382.85 421.42 383.38 422.24C384.45 423.91 386.24 425.6 387.5 427C387.88 422.53 388.29 417.99 388.13 413.5C387.99 409.22 386.84 404.59 388.62 400.72C389.8 413.24 388.95 425.95 388.14 438.5C387.78 444.15 386.58 450.14 381.01 452.55C380.41 452.37 379.81 452.18 379.21 452C376.42 439.26 377.93 425.49 377.75 412.5C377.57 399.84 377.54 387.16 377.68 374.5C377.74 368.71 377.22 362.7 378.06 357ZM735.85 369.66C735.24 370.38 734.62 371.11 734.01 371.84C733.69 371.89 733.37 371.93 733.05 371.98C733.87 370.86 734.68 369.73 735.5 368.6C735.62 368.96 735.74 369.31 735.85 369.66ZM460 378.19C459.4 378.47 458.8 378.75 458.2 379.03C458.8 378.75 459.4 378.47 460 378.19ZM628.3 383.08C628.57 382.96 628.84 382.84 629.11 382.73C629.74 383.13 630.38 383.54 631.01 383.94C630.11 383.66 629.21 383.37 628.3 383.08ZM588.91 386.92C589 387.28 589.09 387.64 589.18 388C588.8 388 588.43 388 588.05 388C588.33 387.64 588.62 387.28 588.91 386.92ZM587.14 390.26C587.7 390.03 588.25 389.8 588.8 389.57C588.24 390.32 587.69 391.08 587.13 391.83C587.06 391.58 586.99 391.34 586.91 391.09C586.99 390.81 587.07 390.54 587.14 390.26ZM476.32 391.97C475.88 392 475.44 392.04 475 392.08C475.44 392.04 475.88 392 476.32 391.97ZM475 392.08C475.44 392.04 475.88 392 476.32 391.97C479.04 391.61 479.73 391.63 481 393.93C480.67 393.98 480.33 394.04 480 394.09C479.33 394.13 478.67 394.16 478 394.2C476.67 394.15 475.33 394.1 474 394.05C473.67 393.95 473.33 393.85 473 393.75C473.67 393.2 474.33 392.64 475 392.08ZM593.5 392.84C593.83 392.8 594.17 392.76 594.5 392.72C594.67 392.65 594.83 392.57 595 392.5C594.83 392.91 594.67 393.32 594.5 393.72C594.17 393.73 593.83 393.73 593.5 393.73C593.33 393.32 593.17 392.91 593 392.5C593.17 392.61 593.33 392.73 593.5 392.84ZM483 394.25C483.33 394.27 483.67 394.29 484 394.31C483.67 394.42 483.33 394.54 483 394.66C483 394.52 483 394.38 483 394.25ZM620.91 395.09C620.86 395.72 620.82 396.34 620.77 396.97C620.51 396.97 620.26 396.98 620 396.99C619.65 397.03 619.29 397.08 618.94 397.12C618.66 397.08 618.39 397.04 618.11 397C618.24 396.17 618.37 395.33 618.5 394.5C619.3 394.69 620.11 394.89 620.91 395.09ZM624 396.07C623.67 395.88 623.33 395.69 623 395.5C623.33 395.69 623.67 395.88 624 396.07ZM624 396.07C624.37 396.31 624.73 396.54 625.1 396.78C624.73 396.54 624.37 396.31 624 396.07ZM622.92 397.78C622.65 397.89 622.38 398 622.1 398.11C622.17 398.02 622.33 397.2 622.6 397.09C622.84 397 622.71 397.64 622.92 397.78ZM434.1 398C434.49 398 434.88 398 435.27 398C435.17 398.33 435.07 398.66 434.97 398.99C434.65 398.97 434.33 398.94 434.01 398.92C434.04 398.61 434.07 398.31 434.1 398ZM620.95 398.02C621.33 398.05 621.72 398.08 622.1 398.11C621.72 398.08 621.33 398.05 620.95 398.02ZM622.92 397.78C625.48 397.56 623.84 396.42 626 398.74C624.97 398.42 623.95 398.1 622.92 397.78ZM434.01 398.92C433.71 399.33 433.41 399.75 433.1 400.16C433.41 399.75 433.71 399.33 434.01 398.92ZM626 398.74C626.33 399.09 626.67 399.44 627 399.79C626.67 399.44 626.33 399.09 626 398.74ZM631.53 398.88C632.7 399.42 633.87 399.96 635.04 400.5C633.65 400.74 632.27 400.97 630.89 401.21C630.64 401.11 630.39 401.02 630.14 400.92C630.6 400.24 631.07 399.56 631.53 398.88ZM700.5 400C701 400.5 701.5 401 702 401.5C701.5 402 701 402.5 700.5 403C700.5 402 700.5 401 700.5 400ZM434.52 400.57C434.32 400.91 434.12 401.24 433.92 401.57C434.12 401.24 434.32 400.91 434.52 400.57ZM439 403.22C439.17 402.85 439.33 402.48 439.5 402.11C439.33 402.48 439.17 402.85 439 403.22ZM439 403.22C438.48 403.31 437.96 403.41 437.44 403.5C437.96 403.41 438.48 403.31 439 403.22ZM700.5 404C700.83 404 701.17 404 701.5 404C701.67 404.17 701.83 404.33 702 404.5C701.83 404.67 701.67 404.83 701.5 405C701.17 405 700.83 405 700.5 405C700.33 404.83 700.17 404.67 700 404.5C700.17 404.33 700.33 404.17 700.5 404ZM703.02 408C703.67 413.01 703.18 418.41 703.07 423.5C703.03 425.37 703.34 427.62 702.01 429C702.18 426.89 703.03 422.61 702.07 420.72C701.52 419.62 700.46 419.85 700.03 418.47C699.19 415.75 700.69 412.86 700.78 410.34C700.84 408.74 700.27 407.68 700.5 406C701.34 406.67 702.18 407.33 703.02 408ZM701.97 431C702 431.67 702.03 432.33 702.06 433C702.03 432.33 702 431.67 701.97 431ZM701.85 440.17C701.95 440.61 702.04 441.06 702.14 441.5C701.77 441.67 701.4 441.83 701.03 442C700.86 441.33 700.68 440.67 700.5 440C700.95 440.06 701.4 440.11 701.85 440.17ZM467 444.83C462.09 445.18 457.68 442.91 458.07 448.98C451.59 442.23 463.57 443.58 467 443.5C467 443.94 467 444.39 467 444.83ZM619.96 444.85C619.64 444.91 619.33 444.96 619.01 445.02C617.01 444.96 615 444.9 613 444.84C613 444.39 613 443.95 613 443.5C615.59 443.54 618.35 442.87 619.96 444.85ZM602.98 444.81C603.01 448.49 604.11 450.13 606.41 452.75C607.51 456.67 610.07 455.54 613.5 455.01C614.9 454.8 616.59 454.89 617.94 454.48C621.02 453.54 620.31 450.24 622.68 449.14C624.01 448.52 626.07 448.75 627.5 448.88C633.25 449.42 632.36 452.7 632.01 457.08C631.55 458.24 631.08 459.39 630.62 460.55C628.66 462 626.7 463.45 624.75 464.91C623.4 465.55 622.06 466.2 620.72 466.85C616.71 467.28 612.7 467.71 608.69 468.15C607.93 468.02 607.17 467.89 606.41 467.76C605.63 467.54 604.85 467.32 604.08 467.09C602.45 466.6 600.82 466.1 599.19 465.61C598.46 465.15 597.73 464.69 597 464.24C594.45 461.35 591.9 458.46 589.34 455.57C589.73 455.57 590.11 455.58 590.5 455.59C591.14 452.45 592.26 450.09 595.78 449.42C597.27 449.13 599.79 449.65 601.01 448.57C601.9 447.79 601.33 446.39 601.87 445.42C602.08 445.06 602.71 445.13 602.98 444.81ZM374.3 448C374.53 448 374.77 448 375 448C375 448.67 374.99 449.33 374.99 450C374.76 450 374.52 450 374.29 450C374.29 449.33 374.3 448.67 374.3 448ZM469 453.12C470.66 451.75 472.31 450.37 473.97 449C476.93 449.77 479.52 448.82 482.44 449.31C489 450.41 485.6 458.02 481.73 460.19C480.57 460.83 479.28 460.99 478.12 461.6C475.8 462.84 474.17 464.94 471.53 465.79C468.7 466.69 464.4 465.09 463 467.7C462.81 467.81 462.62 467.91 462.43 468.02C460.64 467.63 458.84 467.25 457.04 466.86C456.36 466.55 455.67 466.24 454.99 465.92C453.68 465.25 452.36 464.58 451.05 463.91C450.04 463.21 449.04 462.51 448.04 461.8C447.41 461.1 446.77 460.4 446.13 459.7C445.47 458.7 444.8 457.7 444.13 456.7C444.14 456.12 444.15 455.55 444.16 454.98C444.28 453.31 444.39 451.63 444.5 449.96C451.62 445.86 456.64 457.45 461.49 457.07C462.74 456.97 463.36 455.9 464.5 455.47C467.21 454.46 467.96 456.55 469 453.12ZM459.84 450.98C460.26 451.44 460.67 451.9 461.09 452.36C460.33 452.07 459.57 451.79 458.81 451.5C459.16 451.33 459.5 451.15 459.84 450.98ZM442.15 451.64C442.52 452.33 442.9 453.03 443.27 453.72C442.91 453.72 442.55 453.71 442.19 453.71C442.18 453.02 442.17 452.33 442.15 451.64ZM528.15 471.65C528.49 471.98 528.83 472.32 529.16 472.66C529.2 473.07 529.24 473.49 529.28 473.9C529.58 474.23 529.87 474.56 530.17 474.88C530.49 475.12 530.82 475.35 531.14 475.59C531.4 475.75 531.67 475.92 531.93 476.08C532.33 476.32 532.72 476.55 533.12 476.78C533.37 476.87 533.62 476.95 533.87 477.04C534.58 477.28 535.29 477.52 536 477.75C537.33 477.76 538.67 477.76 540 477.77C540.97 477.45 541.94 477.14 542.91 476.82C543.13 476.71 543.36 476.59 543.58 476.48C544.02 476.3 544.45 476.13 544.89 475.96C545.27 475.65 545.65 475.34 546.03 475.03C546.35 474.67 546.67 474.32 546.99 473.96C547.21 473.58 547.42 473.2 547.64 472.82C547.77 472.18 547.89 471.53 548.02 470.88C548.35 470.77 548.67 470.66 549 470.55C549.29 470.53 549.58 470.52 549.88 470.5C550.35 474.1 549.33 478.09 546.13 480.57C544.94 481.49 543.99 481.59 543 482.83C542.33 483.06 541.67 483.28 541 483.5C541.33 483.78 541.67 484.05 542 484.33C542.06 488.71 546.09 490.49 545.83 494.85C545.52 495.29 545.21 495.74 544.9 496.18C544.15 495.5 543.4 494.82 542.65 494.14C542.4 493.81 542.15 493.48 541.9 493.15C541.6 492.78 541.29 492.4 540.99 492.03C540.95 491.65 540.92 491.27 540.89 490.89C540.55 490.64 540.22 490.4 539.88 490.15C539.65 489.77 539.41 489.4 539.18 489.02C539.05 488.68 538.92 488.34 538.79 487.99C538.95 487.63 539.11 487.26 539.27 486.9C538.93 486.91 538.58 486.92 538.23 486.93C537.76 487.33 537.3 487.72 536.83 488.11C536.66 488.43 536.5 488.74 536.33 489.05C535.86 490.03 535.4 491.01 534.93 491.98C534.59 492.29 534.25 492.59 533.92 492.89C533.6 493.24 533.28 493.6 532.96 493.96C532.63 494.3 532.31 494.64 531.98 494.98C531.64 495.31 531.31 495.64 530.98 495.97C530.65 496.31 530.32 496.64 529.99 496.97C529.38 497.42 528.78 497.86 528.17 498.31C527.8 498.54 527.42 498.77 527.04 499.01C526.68 499.34 526.31 499.67 525.95 500C525.3 500.39 524.66 500.77 524.02 501.16C523.65 501.38 523.28 501.59 522.91 501.8C522.62 501.94 522.33 502.08 522.04 502.22C521.64 502.48 521.23 502.74 520.83 502.99C519.89 503.38 518.94 503.76 518 504.15C517.3 504.42 516.6 504.69 515.91 504.97C515.37 504.96 514.82 504.96 514.28 504.95C511.69 504.96 513.15 503.71 511.23 506.05C510.44 506.34 509.64 506.62 508.85 506.9C508.27 507 507.7 507.09 507.12 507.18C506.42 507.38 505.71 507.57 505 507.76C502.67 507.88 500.33 508 498 508.13C497.33 508.05 496.67 507.98 496 507.9C495.57 507.68 495.15 507.46 494.72 507.23C490.22 506.96 485.88 505.59 482.19 502.94C481.81 502.61 481.42 502.28 481.04 501.96C480.67 501.65 480.3 501.34 479.94 501.04C479.59 500.72 479.25 500.41 478.9 500.1C478.57 499.76 478.24 499.43 477.91 499.1C477.59 498.75 477.27 498.41 476.96 498.06C476.65 497.69 476.35 497.32 476.05 496.95C475.76 496.6 475.47 496.25 475.19 495.91C474.74 494.94 474.29 493.98 473.84 493.02C473.6 492.3 473.35 491.58 473.11 490.86C472.98 490.04 472.86 489.22 472.73 488.41C472.93 487.94 473.13 487.47 473.32 487C473.87 487.33 474.42 487.67 474.97 488C476.57 491.01 477.64 494.94 480.19 497.33C484.18 501.07 490.43 502.21 495.47 503.03C496.53 503.21 497.45 503.94 498.53 503.97C499.92 504 501.14 503.34 502.5 503.16C506.43 502.66 510.42 503.4 514.16 501.6C516.34 500.56 517.96 498.6 520.03 497.53C521.62 496.71 523.49 496.64 525.11 495.8C529.45 493.56 532.27 489.11 534.63 485C535.86 483.58 535.77 484.1 535.5 482C535.36 482.67 535.22 483.33 535.08 484C527.71 484.48 523.64 476.18 526.5 470C527.05 470.55 527.6 471.1 528.15 471.65ZM382.75 475C382.89 476 383.02 477 383.16 478C383.06 479 382.96 480 382.86 481C381.37 478.95 381.33 477.15 382.75 475ZM481 475.08C481.26 475.05 481.52 475.03 481.78 475C482.44 475.38 483.1 475.76 483.76 476.14C483.88 476.47 484 476.8 484.12 477.13C483.75 477.43 483.38 477.72 483.02 478.02C482.65 478.3 482.27 478.58 481.9 478.87C481.55 478.76 481.2 478.65 480.85 478.54C480.59 478.01 480.33 477.47 480.07 476.94C479.99 476.57 479.92 476.2 479.85 475.83C480.23 475.58 480.62 475.33 481 475.08ZM477.07 476.98C477.32 476.87 477.57 476.75 477.81 476.64C478.22 476.83 478.62 477.02 479.03 477.21C478.35 477.78 477.68 478.35 477 478.92C476.94 478.64 476.87 478.36 476.8 478.07C476.89 477.71 476.98 477.35 477.07 476.98ZM474.34 479.16C474.6 479.16 474.87 479.17 475.14 479.18C475.05 479.45 474.97 479.73 474.88 480C474.68 480 474.47 480 474.26 480C474.29 479.72 474.31 479.44 474.34 479.16ZM481.85 479.57C481.82 479.9 481.79 480.24 481.75 480.58C481.48 480.58 481.21 480.58 480.95 480.58C481.25 480.24 481.55 479.9 481.85 479.57ZM474 483.21C474.36 483.18 474.71 483.15 475.07 483.12C475.02 483.75 474.97 484.37 474.92 485C474.35 485.27 473.78 485.55 473.22 485.82C473.12 485.6 473.02 485.37 472.93 485.15C472.96 484.76 472.99 484.38 473.02 484C473.34 483.74 473.67 483.47 474 483.21ZM600.79 483C601.2 483 601.61 483 602.01 483C602.02 483.31 602.03 483.63 602.04 483.94C601.94 484.22 601.83 484.5 601.73 484.78C601.53 484.78 601.34 484.78 601.15 484.78C601.03 484.19 600.91 483.59 600.79 483ZM600.07 485C600.43 484.93 600.79 484.85 601.15 484.78C601.31 486 601.48 487.22 601.65 488.43C601.85 488.73 602.06 489.03 602.27 489.33C601.87 490.54 601.47 491.75 601.07 492.96C600.58 492 600.09 491.05 599.6 490.1C599.76 488.4 599.92 486.7 600.07 485ZM599 492.08C599.41 492.22 599.82 492.36 600.22 492.5C600.08 493.32 599.94 494.14 599.79 494.97C599.8 495.28 599.8 495.6 599.8 495.91C599.52 496.25 599.23 496.59 598.94 496.93C598.63 497.29 598.31 497.64 598 498C597.67 498.34 597.34 498.68 597.02 499.03C596.69 499.37 596.37 499.7 596.04 500.04C595.69 500.36 595.35 500.67 595 500.98C594.63 501.29 594.27 501.6 593.91 501.92C593.56 501.82 593.21 501.73 592.86 501.64C592.59 502.1 592.31 502.56 592.04 503.02C591.67 503.31 591.3 503.61 590.93 503.9C589.94 504.35 588.94 504.79 587.95 505.24C587 505.5 586.04 505.75 585.09 506.01C584.61 506.02 584.14 506.03 583.66 506.04C583.11 506.36 582.55 506.67 582 506.99C581 507.34 580 507.69 579 508.04C578.33 508.07 577.67 508.11 577 508.14C573.67 507.9 570.33 507.66 567 507.42C566.25 507.29 565.5 507.16 564.74 507.03C564.5 506.64 564.25 506.25 564 505.86C564.44 505.17 564.88 503.93 565.69 503.58C568.32 502.42 574.57 504.07 577.47 503.97C581.35 503.83 588.1 501.05 592.03 499.71C592.4 499.49 592.77 499.27 593.15 499.06C593.5 498.75 593.85 498.45 594.2 498.14C594.53 497.83 594.85 497.51 595.17 497.19C595.49 496.86 595.8 496.52 596.12 496.18C596.41 495.75 596.71 495.32 597 494.89C597.38 494.26 597.77 493.63 598.15 493C598.43 492.69 598.72 492.39 599 492.08ZM779.19 495.02C779.5 494.94 779.82 494.86 780.13 494.77C780.42 494.92 780.71 495.07 781 495.22C780.7 495.65 780.39 496.07 780.09 496.5C780.76 496.98 781.44 497.47 782.11 497.95C781.39 497.87 780.67 497.78 779.95 497.7C779.63 497.73 779.32 497.76 779 497.79C778.65 497.69 778.29 497.59 777.94 497.49C777.68 497.53 777.42 497.56 777.17 497.6C776.48 497.35 775.8 497.09 775.12 496.84C776.47 496.23 777.83 495.63 779.19 495.02ZM545.29 497C545.49 497 545.7 497 545.9 497C545.93 497.22 545.97 497.43 546 497.65C545.76 497.43 545.53 497.22 545.29 497ZM281.73 537.5C283.05 539.59 284.89 545 288.26 544.61C289.46 544.47 290.07 542.95 291.13 542.62C291.81 542.41 292.57 542.64 293.27 542.5C292.11 543.94 289.53 546.02 292.47 546.03C295.03 546.04 296.64 545.64 298.9 544.5C298.21 543.7 297.15 541.88 296.26 541.38C295.55 540.99 294.29 541.41 293.64 540.87C292.79 540.17 293.45 538.77 292.46 538.15C289.82 536.49 289.01 540.61 288.5 542.11C284.73 539.44 287.13 538.83 281.73 537.5ZM317.5 542.77C318.25 543.79 318.96 544.34 319.51 545.51C319.88 546.29 319.21 546.93 319.8 547.65C320.33 548.28 321.61 547.91 322.16 548.7C323.05 549.95 322.91 554.04 321.48 554.91C321.15 555.11 319.75 555.27 319.5 555.36C319.2 552.75 318.55 555.99 318.77 553.59C318.86 552.71 320.85 552.04 319.46 551.25C319.16 551.08 318.73 551.14 318.5 550.89C316.83 552.96 315.17 555.02 313.5 557.08C312.96 553.57 313.31 551.58 315.28 548.67C315.65 548.12 316.47 548.01 316.72 547.42C317.25 546.17 317.29 544.1 317.5 542.77ZM304.36 552.5C309.06 556.06 308.82 546.69 304.5 546.36C304.74 548.79 305.35 550.22 304.36 552.5ZM317.3 578.5C316.97 582.26 318.33 580.8 318.75 582.59C319.07 583.95 318.59 584.87 318.5 586.21C315.58 584.31 312.65 582.4 309.73 580.5C313.21 577.93 312.95 577.93 317.3 578.5ZM718.17 588.84C718.11 589.01 718.06 589.19 718 589.36C717 589.16 716 588.96 715 588.75C716.6 587.73 716.51 587.8 718.17 588.84ZM647.06 599.69C647.33 600.36 647.61 601.04 647.89 601.71C647.62 601.71 647.36 601.71 647.1 601.71C647.09 601.04 647.07 600.36 647.06 599.69ZM695.11 604.88C695.07 605.25 695.03 605.63 694.99 606C694.59 606.27 694.18 606.53 693.77 606.8C694.22 606.16 694.67 605.52 695.11 604.88ZM347.03 621.67C346.72 622.46 346.41 623.24 346.1 624.02C346.41 623.24 346.72 622.46 347.03 621.67ZM294.5 646.7C299.5 646.25 300.3 649.83 297.06 651.5C293.58 653.3 294.42 648.25 294.5 646.7ZM299.3 654.84C298.7 656.65 298.1 658.46 297.5 660.27C294.85 659.33 294 659.06 291.5 660.46C290.91 659.47 290.32 658.49 289.73 657.5C291.57 656.62 292.61 656.15 292.7 654.84C294.9 654.84 297.1 654.84 299.3 654.84ZM231.11 658.5C228.85 658.57 225.26 658.39 226.7 661.73C226.94 662.28 227.35 663.27 227.93 663.56C232.13 665.69 229.75 660.86 229.84 660.42C230.36 657.67 229.93 661.69 231.11 658.5ZM285.5 670C285.6 667.52 287.31 667.19 289.25 665.5C288.41 664.5 287.57 663.5 286.73 662.5C287.11 662.22 287.01 661.47 287.43 661.27C289.23 660.41 290.63 661.92 290.8 663.61C291.09 666.5 287.9 670.22 285.5 670ZM574 661.11C573.73 661.58 573.47 662.05 573.2 662.53C573.47 662.05 573.73 661.58 574 661.11ZM571.92 661.96C572.35 662.15 572.77 662.34 573.2 662.53C572.63 663.71 572.07 664.9 571.5 666.09C571.1 665.76 570.7 665.43 570.3 665.1C570.17 664.81 570.05 664.52 569.92 664.22C570.35 663.79 570.79 663.35 571.22 662.91C571.45 662.6 571.68 662.28 571.92 661.96ZM660.1 674.05C660.13 674.55 660.17 675.05 660.2 675.56C659.62 674.31 659.64 675.38 660.1 674.05ZM288 677.83C287 677.86 286 677.88 285 677.91C286.57 676.67 286.37 676.64 288 677.83ZM303 677.89C301.67 677.85 300.33 677.8 299 677.76C300.85 676.45 301.27 676.52 303 677.89ZM703.04 688.5C702.02 689.5 703.41 689.25 702.38 689.81C700.65 690.75 701.29 688.5 699.23 690.5C700.29 691.62 698.58 691.19 699.79 691.92C700.5 692.34 701.68 691.65 702.48 692.1C703.64 692.75 702.2 692.45 703.35 693.5C702.34 694.74 700.29 698.33 698.16 696.36C697.18 695.45 698.43 695.81 697.54 694.88C696.85 694.16 695.94 693.91 695.28 693.11C694.86 692.6 695 691.5 694.42 691.16C693.09 690.4 691.05 691.24 689.61 690.67C688.96 690.41 688.85 689.64 688.3 689.26C686.63 688.08 684.58 687.68 682.89 686.5C684.34 685.18 682.25 686.04 683.61 685.24C684.54 684.69 685.95 685.4 686.69 684.42C686.93 684.09 687.44 681.45 687.96 680.5C689.77 680.4 687.58 679.57 689.35 679.91C690.25 680.08 690.48 681.18 691.51 681.28C692.42 681.37 692.89 680.36 693.69 680.34C694.08 680.33 698.02 682.84 698.41 683.2C699.25 683.97 699.25 685.58 700.04 686.2C702.36 688.03 701.24 683.66 703.04 688.5ZM661.06 682.38C661.31 683.92 661.56 685.46 661.81 687C661.54 687 661.27 687 661.01 687C661.02 685.46 661.04 683.92 661.06 682.38ZM695.48 683C693.58 683 691.68 683 689.78 683C690.35 684.2 690.93 685.4 691.5 686.6C693.87 684.63 692.56 684.65 695.48 686.65C695.48 685.44 695.48 684.22 695.48 683ZM289 687.86C290 687.84 291 687.82 292 687.81C304.4 688.55 318.22 689.11 328 697.98C327.66 698.49 327.32 698.99 326.98 699.5C328.01 699.64 329.04 699.78 330.06 699.93C336.61 703.6 339.89 711.28 343.2 717.67C343.44 718.37 343.69 719.07 343.93 719.77C344 720.16 344.07 720.56 344.13 720.95C344.35 721.68 344.57 722.42 344.79 723.15C345.08 726.33 344.63 728.69 348 729.69C348.67 729.7 349.33 729.71 350 729.72C354.1 728.73 356.28 721.98 359.36 718.94C364.67 713.7 370.35 711.79 377 708.91C377.67 708.84 378.33 708.77 379 708.7C394.01 706.83 405.59 712.08 414.5 724.01C421.17 721.01 428.52 717.5 436 719.47C436.67 719.42 437.33 719.37 438 719.32C443.16 720.14 447.96 722.11 451.94 725.55C453.5 726.89 457.31 732.36 458.65 732.71C460.64 733.24 467.58 730.44 470.48 730.18C477.75 729.51 484.25 730.91 491 733.46C491.67 733.6 492.33 733.74 493 733.88C496.19 733.12 499.26 731.72 502.51 731.03C512.17 728.98 523.14 728.82 533 729.22C533.67 729.31 534.33 729.41 535 729.5C540.56 728.2 546.8 728.87 552.5 728.88C561.97 728.9 571.65 728.66 581 730.18C582.31 731.6 582.27 731.32 583.77 730.82C588.01 731.09 594.23 735 597.43 734.77C599.96 734.59 603.05 732.75 605.53 732.02C611.44 730.28 617.82 729.24 624 729.23C624.67 729.32 625.33 729.41 626 729.5C637.03 727.01 648.64 732.03 659.31 734.04C662.49 734.64 665.72 733.67 669 734.47C673.64 735.45 678.71 735 683.5 735C688.21 735 694.12 735.74 698.45 735.55C701.15 735.43 703.75 735 706.5 735C715.9 735 730.28 736.32 739 734.47C743.68 733.3 748.75 733.94 753.5 733.18C764.65 731.39 772.27 728.31 784.5 729.18C789.26 729.52 794.02 730.34 798.59 731.68C800.2 732.15 803.44 734 805.11 733.44C806.09 733.11 807.17 731.78 808.03 731.21C808.71 730.97 809.39 730.74 810.07 730.5C809.72 730.33 809.36 730.16 809.01 730C817.83 716.27 847.99 706.25 862.07 715.77C862.72 716.18 863.36 716.59 864.01 716.99C870.91 719.48 874.74 726.21 878.5 732.09C880.03 731.4 881.56 730.72 883.1 730.04C883.4 729.96 883.7 729.88 884 729.8C888.55 728.64 892.81 726.93 897.52 726.12C903.01 725.18 908.48 725.42 914 725.07C915 725.26 916 725.44 917 725.63C918.67 725.78 920.33 725.93 922 726.08C922.67 726.27 923.33 726.46 924 726.65C924.99 726.79 925.98 726.92 926.98 727.06C932.32 729.26 937.66 731.45 943 733.65C944.39 734.46 945.78 735.28 947.17 736.1C951.13 739.71 955.09 743.33 959.05 746.94C958.39 748.1 956.02 753.48 955.46 753.86C954.86 754.27 954.04 754.22 953.37 754.5C950.68 758.9 945.6 757.11 944.42 760.73C938.6 757.49 934.22 753.8 927.25 753.03C926.83 753 926.42 752.97 926 752.94C924.67 752.7 923.33 752.46 922 752.21C921 752.19 920 752.16 919 752.13C914.28 752.45 909.56 752.76 904.84 753.07C904.23 753.29 903.61 753.51 903 753.73C897.37 755.4 892.1 757.33 887.19 760.64C885.34 761.88 883.77 763.5 881.91 764.64C881.11 764.77 880.3 764.9 879.5 765.03C879.22 764.44 878.6 764.03 878.39 763.41C877.91 762.03 879.23 760.06 878.51 758.8C877.25 756.59 873.22 757.33 871.36 758C871.31 757.33 871.27 756.66 871.22 755.99C870.9 755.51 870.59 755.04 870.27 754.57C864.16 754.41 858.06 754.25 851.96 754.09C851.64 747.73 851.32 741.36 851 735C851.01 732.53 851.03 730.06 851.05 727.59C853.66 730 852.63 730.25 856.21 728.5C855.02 724.82 854.47 723.45 850.5 722.84C850.44 724.25 850.37 725.66 850.31 727.06C846.03 727.94 843.54 731.96 840.56 734.99C833.33 742.32 825.94 749.65 819 757.25C818.8 757.5 818.59 757.75 818.39 758C818.26 759 818.12 760 817.99 761C816.76 761.29 814.89 761.17 813.79 761.6C812.51 762.1 811.26 763.45 809.93 764.06C809.25 763.73 808.57 763.4 807.89 763.07C804.8 759.44 800.27 757.78 796 755.9C795.83 755.27 795.67 754.63 795.5 754C794.95 754.37 794.4 754.75 793.85 755.12C790.49 755.36 787.12 755.59 783.75 755.83C783.5 755.87 783.25 755.91 783 755.96C777.41 756.78 771.92 760.16 769 765.05C768.26 764.7 767.52 764.35 766.78 764C766.87 761.88 767.42 758.97 766.46 757C765.07 754.13 754.84 756.08 752 756.29C750.86 756.46 749.71 756.63 748.57 756.8C747.73 756.86 746.9 756.92 746.07 756.98C745.71 756.99 745.36 757.01 745 757.02C744 756.96 743 756.89 742 756.82C738.85 752.9 738.27 756.75 736.75 759.36C735.97 760.7 734.48 761.93 733.5 763.18C732.31 761.51 733.26 760.82 731.27 762C731.74 758.56 731.68 757.45 728 756.82C726.53 756.08 726.45 756.09 725 756.84C723.73 756.91 722.46 756.98 721.19 757.05C718.5 755.02 713.03 751.1 708.75 753.34C707.78 753.85 707.7 755.09 706.66 755.67C704.42 756.91 702.48 755.41 700.23 758.23C698.68 760.17 697.07 762.52 695.26 764.27C694.53 764.98 693.37 765.49 692.75 766.27C692.14 767.03 692.25 768.29 691.34 768.81C690.68 769.18 689.21 768.52 688.5 768.36C688.1 771.1 688.44 773.83 685.45 774C685.36 769.32 685.26 764.63 685.17 759.95C684.55 756.04 682.53 757.15 679 757.33C677.67 757.37 676.33 757.41 675 757.44C670.99 757.65 666.98 757.86 662.97 758.07C661.64 758.03 660.32 757.99 659 757.95C660.26 753.38 659.12 752.58 654.73 751.61C650.71 750.72 648.53 750.7 647 754.87C644.51 755.39 643.32 755.78 642.09 758C641.56 759.82 641.51 760.12 639.96 760.94C634.59 757.72 628.26 755.97 622 755.95C621.64 755.94 621.27 755.92 620.91 755.9C620.6 755.84 620.3 755.79 620 755.73C619.33 755.73 618.67 755.72 618 755.72C617.72 755.78 617.44 755.83 617.17 755.89C616.78 755.91 616.39 755.92 616 755.94C609.45 755.99 596.46 759.27 594.16 766.16C593.36 766.95 592.56 767.74 591.76 768.53C590.56 770.43 589.37 772.32 588.18 774.22C587.62 774.25 587.06 774.27 586.5 774.3C582.22 770.08 582.87 773.22 578.5 774.02C578.03 774.68 577.56 775.34 577.08 776C576.4 774.02 575.72 772.05 575.04 770.07C574.41 769 573.79 767.94 573.17 766.87C571.67 763.12 568.19 761.31 564.99 759C564.83 758.33 564.66 757.67 564.5 757C564.33 757.57 564.17 758.13 564 758.7C563.03 758.45 562.06 758.2 561.08 757.95C554.95 754.38 540.68 755.3 534.36 758.22C533.22 758.51 532.09 758.8 530.95 759.09C530.37 759.42 529.78 759.75 529.2 760.08C527.77 761.4 526.34 762.71 524.91 764.03C521.78 765.54 520.53 768.66 519.61 772C518.99 772 518.38 772 517.77 772C517.55 768.98 517.34 765.96 517.12 762.93C516.44 760.15 515.35 758.52 512.89 757.02C510.05 754.89 506.76 754.68 503.5 755.82C499.61 756.35 496.09 758.63 493.97 761.98C491.81 764.9 489.66 767.81 487.5 770.73C487.13 767.7 488.13 759.05 486.47 757.01C485.07 755.29 482.01 756.29 480.19 756.57C474.47 757.45 468.61 757.77 463 759.13C462.09 759.14 461.19 759.14 460.28 759.15C459.02 757.33 457.76 755.52 456.5 753.7C455.19 755.05 456.62 754.62 455.36 755.51C453.02 757.16 444.66 756.36 443.42 753.21C442.24 750.18 444.54 747.53 443.9 744.53C443.43 742.36 441.27 742.16 440.37 740.47C439.28 738.43 440.28 737.77 438.06 737C435.31 733.63 432.06 735.34 430.72 738.88C430.43 739.47 430.13 740.06 429.83 740.65C428.2 742.84 426.57 745.03 424.93 747.22C422.15 750.45 419.08 754.47 415.05 755.94C412.81 755.22 410.58 752.61 408.39 752.27C407.25 752.1 405.44 752.49 404.27 752.5C405.66 747.05 402.28 743.77 398.2 741C398.11 739.67 398.02 738.33 397.92 737C396.95 735.01 395.97 733.02 395 731.02C391.71 726.45 385.1 725.56 380.1 727.78C378.06 729.5 376.01 731.22 373.97 732.95C373.38 733.13 372.79 733.32 372.2 733.5C371.75 734.5 371.3 735.5 370.84 736.5C371.47 736.67 372.09 736.83 372.72 737C373.09 739.47 373.46 741.95 373.83 744.42C373.05 744.51 372.28 744.61 371.5 744.7C370.98 747.08 369.45 753.34 373.48 753.94C375.89 754.3 377.8 751.85 379.5 750.89C379.41 754.09 379.46 756.22 381.02 759.33C377.05 759.93 373.09 760.54 369.13 761.14C369.91 758.65 370.2 757.69 368.87 755.5C366.7 755.59 366.04 756.55 364.11 757.51C360.34 759.37 360.61 759.08 360.1 763.5C363.15 764.14 365.16 764.59 367.92 763C368.73 763.67 369.53 764.34 370.34 765C370.16 765.31 369.99 765.61 369.81 765.91C369.72 769.91 371.53 770.01 367.5 773.73C364.21 771.16 363.79 769.08 359.5 766.69C358.72 767.43 357.95 768.18 357.17 768.92C356.76 768.61 356.35 768.31 355.94 768C353.7 762.28 347.98 758.09 342 757.04C340.67 756.66 339.33 756.28 338 755.9C337.5 755.43 337 754.95 336.5 754.48C336.33 754.94 336.17 755.41 336 755.88C328.77 756.71 325.55 758.8 319.15 761.1C319.36 760.44 319.89 759.19 319.78 758.49C319.5 756.63 315.46 751.62 313.51 751.17C312.28 750.89 311.06 751.95 311.48 753.25C311.57 753.52 312.12 753.28 312.3 753.5C311.65 753 311.01 752.5 310.36 752C310.25 739.24 310.15 726.48 310.04 713.72C309.84 709.85 307.73 710.23 304.29 710.21C303.53 710.39 302.76 710.56 302 710.73C299.38 711.13 296.75 711.53 294.13 711.94C293.75 711.96 293.38 711.99 293 712.02C290.4 712.32 287.81 712.62 285.21 712.93C279.8 712.84 273.24 712.55 279.59 718.68C277.23 721.73 274.86 724.79 272.5 727.84C271.55 727.43 270.6 727.03 269.66 726.62C266.41 724.05 263.16 721.49 259.91 718.92C259.57 718.67 259.23 718.42 258.89 718.18C257.26 717.13 255.63 716.08 254 715.03C253.82 714.97 253.65 714.91 253.47 714.85C251.31 713.87 249.16 712.9 247 711.93C246.83 711.62 246.67 711.31 246.5 711C246 711.2 245.5 711.4 245 711.6C242.98 711.36 240.96 711.13 238.95 710.89C238.63 710.73 238.32 710.57 238 710.42C226.78 709.13 213.2 709.89 202.89 714.94C198.61 716.97 194.33 719.01 190.05 721.05C189.7 721.13 189.35 721.21 189 721.3C188.63 721.53 188.25 721.76 187.88 722C187.64 722.3 187.41 722.61 187.17 722.91C181.23 724.79 167.47 735.5 165.24 741.24C163.85 742.49 162.47 743.75 161.09 745C161.04 745.28 160.98 745.57 160.93 745.85C159.74 746.79 158.55 747.74 157.37 748.68C155.93 748.97 154.86 750.22 153.48 750.38C151.45 750.61 149.29 748.47 147.35 748.25C143.67 747.82 140.86 751.15 141.46 754.71C141.66 755.93 142.84 756.17 142.93 757.44C142.94 757.54 142.24 758.47 142.21 758.56C141.52 760.96 143.23 762.1 144.73 763.5C142.94 764.37 140.21 764.29 138.69 765.27C137.74 765.88 138.1 767.33 137.2 767.92C136.4 768.44 135.36 767.55 134.77 767.96C132.16 769.75 134.56 774.58 130.72 777.02C130.39 777.23 129.82 778 129.36 778.08C127.63 778.38 129.67 777.63 127.92 777.5C131.44 770.46 124.81 772.98 124.07 767.84C127.42 760.93 130.77 754.01 134.12 747.09C139.13 742.77 143.89 734.68 148.68 729.46C158.58 718.69 171.66 707.95 185.16 702.17C184.92 702.61 184.68 703.06 184.44 703.5C184.98 702.98 185.53 702.45 186.07 701.93C189.52 698.93 195.05 697.41 199.42 695.84C210.29 691.95 228.85 687.96 240 691.45C241.93 692.61 241.86 692.74 243.76 691.78C246.9 691.87 250.61 692.68 253.81 693.6C255.84 694.19 258.02 695.92 260.25 695.57C261.56 695.36 265.86 692.22 268.11 691.53C274.86 689.44 282.01 688.77 289 687.86ZM925.97 687.65C925.7 688.06 925.43 688.48 925.15 688.9C924.93 688.38 924.72 687.86 924.5 687.34C924.99 687.44 925.48 687.54 925.97 687.65ZM922.95 693.79C922.91 694.19 922.86 694.6 922.82 695C922.84 695.22 922.87 695.44 922.9 695.67C922.56 695.67 922.22 695.67 921.87 695.67C922.23 695.04 922.59 694.42 922.95 693.79ZM659.4 699C659.24 699.58 659.08 700.15 658.93 700.73C659.08 700.15 659.24 699.58 659.4 699ZM161.06 701.8C161.7 702.22 162.35 702.64 162.99 703.05C162.63 703.3 162.27 703.54 161.91 703.79C161.69 703.75 161.46 703.72 161.24 703.68C161.18 703.05 161.12 702.43 161.06 701.8ZM831 702.1C832.05 702.47 833.11 702.83 834.16 703.19C833.3 703.42 832.43 703.66 831.57 703.89C831.38 703.3 831.19 702.7 831 702.1ZM774.5 713.17C773.71 712.62 772.93 712.06 772.14 711.5C770.38 710.83 768.63 710.17 766.87 709.5C772.05 706.72 773.8 706.83 774.5 713.17ZM764.5 709.87C765.83 710.98 767.17 712.08 768.5 713.19C767.69 716.62 767.88 716.22 765.5 714.05C764.38 713.87 763.26 713.68 762.14 713.5C763.66 711.87 763.57 712.18 764.5 709.87ZM275.5 716C275.39 716.17 275.29 716.33 275.18 716.5C275.55 716.83 275.93 717.17 276.3 717.5C276.03 717.3 275.77 717.1 275.5 716.9C275.84 717.1 276.17 717.3 276.51 717.5C276.2 717.17 275.89 716.83 275.58 716.5C275.55 716.33 275.53 716.17 275.5 716ZM779 718.89C778.33 718.89 777.67 718.89 777 718.89C777.17 718.44 777.33 718 777.5 717.55C778 718 778.5 718.45 779 718.89ZM771.14 719.15C769.76 719.4 768.38 719.65 767 719.9C768.7 718.5 768.89 718.7 771.14 719.15ZM249.82 744C249.77 744.26 249.72 744.51 249.67 744.77C249.51 745.23 249.35 745.69 249.18 746.16C249.2 746.47 249.22 746.79 249.24 747.1C248.87 747.02 248.51 746.95 248.14 746.87C244.87 746.03 243.12 743.41 239.5 743.13C239.86 745.83 239.67 748.82 240.31 751.45C240.6 752.63 241.27 753.28 241.3 754.52C241.41 758.29 239.52 757 238.55 758.8C237.83 760.12 238.33 762.88 238.06 764.39C237.95 765.02 237.26 765.54 237.49 766.24C237.8 767.2 239.63 767.51 240.22 768.29C241.09 769.44 240.61 771.19 241.61 772.13C242.32 772.8 249.95 773.75 251.49 774.41C253.43 775.25 254.26 778.07 255.64 778.81C257.87 779.99 260.23 778.84 262.5 778.93C263.4 778.97 264.39 779.48 265.31 779.59C266.77 779.77 268.07 779.06 269.48 779.11C270.48 779.15 271.29 779.82 272.3 779.68C274.7 779.34 277.15 777.79 279.5 777.7C280.21 780.99 280.63 788.69 279.29 791.86C278.91 792.76 277.92 793.16 277.47 793.93C276.9 794.9 276.76 795.92 276.25 796.88C274.16 800.8 272.24 800.49 272.13 805.5C274.25 805.1 276.38 804.7 278.5 804.3C279.19 805.97 281.55 808.34 281.85 809.59C282.12 810.72 281.52 810.91 281.94 811.95C281.61 812.56 281.28 813.18 280.96 813.79C279.61 814.85 278.27 815.9 276.93 816.95C274.86 812.84 274.61 812.87 269.75 813.38C269.06 813.45 268.31 814.03 267.58 813.75C266.05 813.16 267.24 811.08 263.5 809.81C260.96 814.37 264.32 812.62 259.33 815.5C260.84 816.5 262.35 817.5 263.86 818.5C262.11 819.42 264.59 819.3 262.64 819.72C261.89 819.89 261.28 818.61 260.59 818.95C259.53 819.48 259.28 823.68 256.28 824.12C254.93 824.32 251.03 820.85 248.56 823.32C247.57 824.32 249.08 828.92 246.13 827.43C245.54 827.13 245.05 826.69 244.5 826.33C244.63 828.98 244.91 828.32 243.5 829.75C240.98 829.07 236.6 825.33 234.44 825.05C232.62 824.8 228.36 826.76 227.57 828.74C227.28 829.46 227.49 831.16 227.5 831.91C226.66 832.1 225.03 832.1 224.47 832.82C223.55 834 224.38 835.94 223.67 837.2C222.66 839 217.42 840.34 215.61 839.43C214.37 838.8 214.09 837.62 213.62 836.5C212.82 836.47 208.58 836.44 208.01 836.87C207.22 837.48 207.17 838.94 206.38 839.68C204.56 841.37 204.38 840.2 203.29 843.08C202.19 842.71 201.1 842.35 200 841.98C199.28 839.68 197.67 839.93 197.1 838.26C196.59 836.76 197.96 835.19 197.71 833.68C196.35 825.48 190.52 827.07 185.71 831.33C185.08 831 184.46 830.67 183.83 830.34C183.27 828.91 182.71 827.49 182.16 826.06C182.79 824.34 182.95 819.27 184.48 817.77C185.35 816.92 186.33 817.92 187.18 817.2C188.1 816.42 187.04 816.48 187.67 815.5C187.56 812.84 187.01 813.26 186.37 811.42C185.93 810.15 186.33 808.83 185.98 807.56C185.56 806.05 184.34 804.22 183.7 802.73C182.75 800.52 180.95 799.08 180.78 796.5C180.59 793.71 181.53 784.08 182.36 781.51C182.55 780.93 183.29 780.79 183.6 780.25C184.34 778.96 185.23 776.75 185.63 775.29C186.18 773.3 186.77 765.7 187.33 764.76C187.87 763.86 189.16 764.19 189.68 763.32C190.28 762.32 189.73 760.77 190.3 759.7C191.12 758.16 193.96 757.79 195.21 756.64C197.76 754.29 198.52 749.48 202.5 749.87C202.24 749.03 201.25 747.25 201.23 746.45C201.17 744.02 204.27 744.37 205.45 743.56C206.4 742.9 205.89 741.89 206.72 741.29C207.81 740.51 209.67 740.83 210.92 740.34C211.58 740.08 211.92 739.31 212.66 739.19C213.67 739.02 214.36 739.86 215.33 739.69C217.09 739.39 221.97 735.14 222.71 735.01C224.31 734.72 224.64 737.17 226.36 736.66C227.41 736.34 227.22 735.01 228.55 734.77C229.87 734.53 230.53 735.68 231.61 736.01C233.71 736.65 236.49 736.17 238.49 737.17C239.77 737.82 240.29 740.19 241.67 740.69C243.57 741.37 244.25 739.67 245.77 739.4C247.69 739.05 245.62 739.66 248.01 739.5C247.98 739.85 247.47 739.99 247.34 740.31C247.13 740.82 248.26 743.81 248.67 744.15C249.4 744.74 249.16 743.8 249.82 744ZM285.78 744C285.78 745 285.78 746 285.79 747C281.24 747.33 280.6 745.92 278.23 742.5C280.06 742.17 281.89 741.83 283.72 741.5C284.06 743.34 284.07 743.32 285.78 744ZM406.82 761.04C406.53 761.4 406.24 761.76 405.95 762.12C405.14 762.75 404.32 763.37 403.5 764C402.5 763.75 401.5 763.49 400.5 763.24C400.18 760.42 400.64 759.04 398.01 758.01C397.05 757.51 396.09 757 395.13 756.5C395.09 756.94 395.04 757.37 395 757.81C394.45 757.88 393.91 757.96 393.36 758.03C391.24 756.31 390.86 754.44 391.13 751.5C393.17 750.97 391.53 750.7 393.48 750.5C394.88 750.36 395.51 751.58 396.67 752C402.23 754.04 405.4 754.2 406.82 761.04ZM968.07 759.22C970.12 763.25 972.17 767.28 974.22 771.31C971.28 772.27 968.66 772.93 967.99 776.52C967.73 777.86 968.59 779.7 967.9 780.93C967.25 782.08 965.57 780.89 964.26 783.5C965.61 783.5 966.95 783.5 968.3 783.5C965.86 790.13 961.32 795.8 970.82 799.5C969.98 800.41 969.09 800.76 968.73 802.1C968.24 803.88 969.65 803.2 969.84 804.5C969.9 804.87 967.68 810.61 967.5 810.79C966.69 810.6 966.47 811.06 965.73 810.69C964.61 810.12 964.51 807.61 963.69 806.62C962.55 805.26 958.54 801.99 958.04 800.51C957.44 798.72 958.23 797.28 958.14 795.51C958.11 794.86 957.12 793.27 957.48 792.68C958.77 790.52 959.82 794.55 960.5 790.24C959.25 788.37 957.87 788.44 957.33 787.48C956.35 785.73 958.37 783.1 956.5 779.26C955.32 779.84 954.13 780.42 952.95 781C952.73 779.33 952.52 777.67 952.3 776C953.03 775.42 953.54 775.68 953.99 774.66C954.6 773.24 953.17 770.11 953.23 768.59C953.29 767.22 954.11 766.05 953.94 764.61C953.59 761.49 951.86 762.25 953.14 758.5C955.6 758.73 954.32 759.17 955.68 759.54C957.12 759.93 958.82 758.59 960.45 758.9C962 759.2 962.74 760.39 964.46 760.36C965.45 760.34 967 759.42 968.07 759.22ZM285.8 759C285.8 759.67 285.8 760.33 285.81 761C285.41 760.83 285.02 760.67 284.63 760.5C285.02 760 285.41 759.5 285.8 759ZM382 759.36C382.78 759.31 383.56 759.26 384.33 759.2C383.89 759.48 383.44 759.76 383 760.04C382.67 759.82 382.33 759.59 382 759.36ZM285.81 763C285.81 764 285.81 765 285.82 766C284.68 764.42 284.68 764.58 285.81 763ZM620 765.11C618.96 765.35 617.93 765.59 616.89 765.83C617.93 765.59 618.96 765.35 620 765.11ZM780 769.05C780.67 769.06 781.33 769.07 782 769.08C781.5 769.52 781 769.96 780.5 770.4C780.33 769.95 780.17 769.5 780 769.05ZM783 769.17C783.64 769.42 784.29 769.68 784.93 769.93C784.29 769.68 783.64 769.42 783 769.17ZM285.01 772C285.29 772 285.58 772 285.86 772C285.86 773.33 285.86 774.67 285.86 776C285.57 776 285.29 776 285 776C285 774.67 285.01 773.33 285.01 772ZM398.37 772C398.49 772.67 398.6 773.33 398.72 774C398.6 773.33 398.49 772.67 398.37 772ZM695.5 771.27C696.81 771.71 700.45 772.03 701.39 773.14C702.38 774.31 702.15 776.76 702.39 778.21C702.69 780.15 703.39 784.42 702.57 786.3C702.24 787.05 700.7 787.59 700.22 788.7C699.27 790.93 699.19 792.18 697.5 794.13C695.87 791.89 696.87 790.95 695.87 788.51C695.48 787.57 694.65 787.65 694.35 786.49C693.77 784.26 695.32 780.5 693.89 778.52C693.32 777.74 692.44 778.51 691.78 778C691.36 777.68 691.64 776.9 691.3 776.5C692.95 774.85 694.16 773.62 695.5 771.27ZM789.96 774.12C790.33 774.72 790.69 775.32 791.06 775.93C790.69 775.32 790.33 774.72 789.96 774.12ZM816.27 773.57C817.99 774.88 817.78 775.03 817.8 777.21C817.28 776.67 816.76 776.14 816.24 775.6C816.23 775.43 816.21 775.27 816.19 775.1C816.22 774.59 816.24 774.08 816.27 773.57ZM285.01 778C285.3 778 285.58 778 285.86 778C285.86 778.67 285.87 779.33 285.87 780C285.58 780 285.3 780 285.02 780C285.02 779.33 285.02 778.67 285.01 778ZM375.75 778C375.75 779.33 375.75 780.67 375.75 782C374.45 780.22 374.46 779.78 375.75 778ZM817.93 777.76C818.4 778.34 818.87 778.92 819.33 779.5C818.99 779.67 818.65 779.83 818.3 780C818.18 779.25 818.05 778.51 817.93 777.76ZM867.5 776.77C867.57 778.26 867.6 780.08 867.98 781.54C868.27 782.6 869.16 782.79 869.52 783.69C869.85 784.5 869.62 785.51 869.93 786.38C871.15 789.8 872.76 789.3 870.12 792.49C869.64 793.08 869.91 793.67 869.21 794.14C868.07 794.91 865.38 794.45 864.13 794.5C862.21 799.07 864.64 798.54 858.5 799.65C857.98 798.61 855.61 789.98 859.35 792.35C860 792.76 859.78 794.85 860.51 794.89C860.7 794.9 860.81 794.36 860.95 794.5C862.73 790.46 859.69 790.12 856.29 789.5C859.19 779.59 859.36 781.42 867.5 776.77ZM141.07 780.71C140.95 781.47 140.83 782.24 140.7 783C140.37 782.5 140.03 782 139.69 781.5C140.15 781.24 140.61 780.97 141.07 780.71ZM455.5 780.95C459.19 785.57 456.67 784.07 457.1 788.47C457.26 790.05 458.63 790.88 458.73 792.5C458.81 793.75 458.76 796.06 458.58 797.29C458.37 798.74 456.81 800.03 456.77 801.49C456.74 802.35 457.47 803.56 457.6 804.5C453.54 806.53 450.76 807.61 449.01 802.66C448.42 800.99 447.29 799.25 447.03 797.47C446.7 795.18 447.47 792.81 447.08 790.47C446.78 788.66 445.75 788.61 445.24 787.26C445.08 786.82 445.57 786.34 445.5 785.87C447.54 785.32 447.71 785.48 449.5 786.74C448.98 785.33 448.47 783.91 447.95 782.5C448.48 782.44 448.9 781.88 449.44 781.91C450.55 781.96 450.93 782.95 452.33 782.6C453.32 782.35 454.3 781.24 455.5 780.95ZM630.95 783C630.95 783.67 630.95 784.33 630.95 785C630.51 784.5 630.08 784 629.64 783.5C630.08 783.33 630.52 783.17 630.95 783ZM132.5 784C132.67 787.38 131.14 788.98 129.5 791.71C128.95 787.9 128.25 789.2 130.95 786.5C131.11 784.72 131.27 785.14 132.5 784ZM953.17 785C953.54 785.5 953.9 786 954.27 786.5C953.9 786.67 953.54 786.83 953.17 787C953.17 786.33 953.17 785.67 953.17 785ZM285.01 786C285.3 786 285.58 786 285.87 786C285.85 787 285.84 788 285.82 789C284.47 787.87 284.49 787.72 285.01 786ZM415.78 787C415.78 789 415.79 791 415.79 793C414.26 790.9 414.26 789.11 415.78 787ZM587.96 787.83C588.16 787.89 588.36 787.94 588.55 788C588.56 788.67 588.57 789.33 588.58 790C587.93 789.5 587.28 789 586.63 788.5C587.07 788.28 587.52 788.06 587.96 787.83ZM523.93 861.03C521.96 860.95 519.98 860.87 518 860.79C518.11 859.7 518.22 858.6 518.33 857.5C517.07 856.68 516.05 857.16 514.84 856.55C513.1 855.68 513.37 853.63 510.75 854.19C508.27 854.72 507.74 857.57 505.89 858.48C503.89 859.47 499.7 858.56 497.5 858.55C494.77 858.53 489.61 856.32 487.64 857.11C485.27 858.06 486.74 860.93 485.21 862.36C484.91 862.64 483.88 861.98 482.24 863.5C483.23 865.12 483.64 865.67 483.19 867.5C481.96 867.66 480.73 867.82 479.5 867.98C478.62 869.17 478.99 867.42 478.47 868.65C478.13 869.46 478.81 870.52 478.26 871.3C477.6 872.21 476.44 871.83 475.76 872.45C475.01 873.13 475.24 874.3 474.35 874.86C472.77 875.85 469.29 875.54 467.5 876.05C467.96 880.67 467.85 877.73 470.98 880.5C469.61 882.55 466.38 883.41 465.36 885.69C465.05 886.4 465.63 887.28 465.34 887.94C464.85 889.05 464.13 888.16 463.59 888.84C462.67 890.01 462.88 890.77 461.5 892.42C460.28 889.08 457.4 883.22 452.64 885.33C452.01 885.61 452.04 886.35 451.39 886.66C450.63 887.02 449.58 886.82 448.75 887.16C448 887.47 447.48 888.64 446.58 888.63C445.05 888.62 443.06 885.73 441.39 885.24C437.67 884.17 438.31 885.73 436.24 886.55C434.27 887.34 434.06 885.3 432.49 884.77C430.8 884.19 428.26 885.45 426.63 884.55C425.76 884.07 426.18 882.89 425.32 882.38C423.91 881.55 422.37 883.31 421.45 880.26C420.71 877.81 422.93 875.85 420.69 873.75C419.52 872.66 411.99 868.94 410.2 868.47C408.74 868.08 407.04 868.29 405.63 867.75C402.12 866.38 405.31 865.4 399.86 865.5C401.95 870.89 407.24 867.57 403.5 875.14C399.55 869.97 400.38 872.9 396.5 875.14C395.06 873.1 396.82 865.8 392 868.5C392.67 870.5 393.33 872.5 394 874.5C389.46 873.9 393.33 871.67 387.5 874.73C384.14 869.16 384.57 871.77 379.74 869.5C379.09 869.2 379.15 868.38 378.49 868.14C376.98 867.58 375.22 868.18 373.67 867.76C372.4 867.42 371.94 866.59 370.5 866.57C367.88 866.54 365.7 868.98 364.26 869.52C360.11 871.08 358.22 868.24 355.54 866.11C352.84 863.97 352.46 864.76 350.87 861.5C353.47 861.17 356.07 860.83 358.67 860.5C358.45 859.82 357.44 858.08 357.85 857.46C358.29 856.79 363.62 855.62 364.47 856.15C365.28 856.66 363.7 860.08 363.5 860.87C366.3 858.47 367.77 858.25 371.28 857.68C372.09 857.55 372.64 856.9 373.51 856.9C374.38 856.9 374.98 857.66 375.73 857.68C378.44 857.74 378.9 855.29 379.5 853.21C384.07 855.86 381.1 853.46 384.46 852.94C385.87 852.72 388.32 854.38 389.77 854.57C391.93 854.85 394.19 853.64 396.5 853.75C397.81 853.82 399.85 853.83 401.02 854.28C402.08 854.69 402.08 855.79 403.5 855.83C405.65 855.88 408.27 853.43 409.5 852.19C411.45 855.07 410.58 855.22 413.87 855.5C413.02 852.28 412.55 852.24 415.38 850.97C421.17 848.36 423.46 851.76 429.05 852.54C431.11 852.83 433.3 852.72 435.34 853.13C436.97 853.45 438.88 855.25 440.39 855.11C441.36 855.03 443.23 853.37 445.5 853.48C447.57 853.58 451.31 855.42 453.24 853.96C454.3 853.16 453.73 851.58 454.42 850.66C455.26 849.55 462.18 846.88 463.53 846.79C467.51 846.55 465.51 849.36 467.55 850.08C468.83 850.54 468.66 848.99 469.61 848.96C470.78 848.93 471.13 850.11 472.4 849.96C473.81 849.8 474.84 846.78 475.86 849.5C476.05 849.99 476.35 851.2 476.5 851.69C476.84 851.21 477.52 851.01 477.81 850.5C478.17 849.88 477.93 848.68 478.6 848.25C479.34 847.77 480.53 848.92 481.33 848.6C481.98 848.34 482.1 847.3 482.7 846.88C483.27 846.49 484.23 846.95 484.62 846.33C485.12 845.54 483.93 843.39 483.98 842.49C484.02 841.74 484.4 841.04 484.5 840.3C486.53 840.83 486.38 842.41 487.5 844.3C488.83 843.3 490.17 842.3 491.5 841.3C492.83 842.27 494.17 843.24 495.5 844.21C496.75 842.17 497.9 838.09 496.86 835.67C496.58 835 495.57 835.14 495.36 834.37C494.76 832.14 496.91 833.59 495.21 831.43C494.25 828.83 492.58 828.17 490.97 826.06C495.38 825.41 493.42 824.9 496.24 822.75C497.58 821.73 498.84 821.96 499.89 820.31C500.4 819.49 500.34 818.41 501.02 817.69C501.73 816.94 503.1 817.05 503.6 816.21C504.77 814.22 502.73 810.37 501.5 809.05C498.59 810.05 493.18 810.49 493.26 805.71C493.28 805.03 494.08 804.28 494.17 803.49C494.27 802.56 493.74 802.51 493.97 801.61C494.17 800.8 494.99 800.44 495.22 799.61C495.48 798.65 494.91 796 495.71 795.42C495.9 795.28 498.97 795.49 499.21 795.5C498.7 794.42 497.87 793.87 497.86 792.61C497.85 792.44 498.68 791.62 498.78 791.48C500.5 788.92 501.03 788.85 503.73 790.01C504.4 790.3 505.26 790.17 505.73 790.78C506.06 791.21 505.91 791.89 506.21 792.34C506.55 792.85 507.34 793.03 507.51 793.65C508.07 795.68 506.42 795.83 506.01 797.47C505.42 799.8 507.05 801.47 506.88 803.45C506.63 806.42 504.17 805.04 504.5 808.95C505.16 809.2 506.94 809.43 507.46 809.8C508.17 810.31 507.87 811.5 508.73 811.93C509.64 812.38 510.49 811.43 511.28 811.85C513.17 812.87 512.81 818.94 511.76 820.39C510.51 822.1 507.74 821.73 506.39 822.78C506.03 823.07 505.67 824.34 505.37 824.78C502.99 828.32 501.13 830.27 502.88 834.65C503.15 835.34 502.99 836.36 503.67 836.82C504.4 837.31 506.9 837.35 507.79 837.5C508.17 841.72 509.21 839.35 510.55 841.72C510.86 842.28 510.13 842.75 510.76 843.27C512.21 844.46 512.9 842.76 514.41 842.99C516.26 843.27 516.57 845.76 517.8 846.64C519.34 847.75 522.13 847.39 523.48 848.91C524.43 849.97 524.53 852.02 525.41 853.24C527.58 856.25 529.53 860.76 523.93 861.03ZM375.75 792C375.75 793.33 375.76 794.67 375.76 796C374.46 794.22 374.45 793.79 375.75 792ZM890.93 795.23C890.13 795.48 889.33 795.74 888.52 796C889.33 795.74 890.13 795.48 890.93 795.23ZM953.25 796C954.19 797.53 954.18 797.47 953.25 799C953.25 798 953.25 797 953.25 796ZM794.98 797C794.96 798 794.93 799 794.91 800C793.56 798.33 793.62 798.59 794.98 797ZM778.5 797.95C781.57 800.97 783.35 802.68 784.83 806.98C782.51 806.98 780.19 806.98 777.87 806.98C778.27 803.12 776.83 801.53 778.5 797.95ZM953.24 801C954.39 802.82 954.33 803.29 953.12 805C953.02 804.33 952.93 803.67 952.84 803C952.97 802.33 953.11 801.67 953.24 801ZM415.78 806C415.77 807.67 415.77 809.33 415.77 811C414.36 809.03 414.37 807.95 415.78 806ZM635.15 807C634.31 807.25 633.47 807.49 632.63 807.74C633.47 807.49 634.31 807.25 635.15 807ZM686.16 809C686.4 809.68 686.64 810.36 686.89 811.05C686.53 811.05 686.17 811.05 685.82 811.05C685.93 810.36 686.04 809.68 686.16 809ZM175.91 809.68C176.43 809.95 176.94 810.23 177.46 810.5C177.02 811 176.58 811.5 176.14 812C176.07 811.23 175.99 810.45 175.91 809.68ZM375.75 810C375.75 810.67 375.75 811.33 375.75 812C375.36 811.5 374.96 811 374.57 810.5C374.96 810.33 375.36 810.17 375.75 810ZM953.25 810C954.73 812.34 954.69 815.63 953.26 818C953.25 815.33 953.25 812.67 953.25 810ZM415.78 813C415.79 813.67 415.8 814.33 415.8 815C415.41 814.5 415.02 814 414.63 813.5C415.01 813.33 415.39 813.17 415.78 813ZM218.5 816.45C218.48 816.46 218.45 816.48 218.43 816.5C218.7 816.83 218.96 817.17 219.23 817.5C218.99 817.26 218.74 817.01 218.5 816.77C218.88 817.01 219.25 817.26 219.63 817.5C219.6 817.17 219.58 816.83 219.55 816.5C219.2 816.48 218.85 816.46 218.5 816.45ZM456.9 817.06C456.31 817.06 455.71 817.06 455.12 817.05C455.58 816.6 456.04 816.15 456.5 815.7C456.63 816.15 456.77 816.61 456.9 817.06ZM629 817.8C628.33 817.77 627.67 817.74 627 817.71C627.5 817.34 628 816.98 628.5 816.61C628.67 817.01 628.83 817.41 629 817.8ZM731.15 818C731.51 818.5 731.88 819 732.24 819.5C731.9 819.67 731.56 819.83 731.22 820C731.2 819.33 731.17 818.67 731.15 818ZM452.87 818.99C452.24 819.33 451.6 819.66 450.96 819.99C451.6 819.66 452.24 819.33 452.87 818.99ZM953.25 819C953.57 819.5 953.9 820 954.22 820.5C953.85 820.67 953.49 820.83 953.12 821C953.03 820.67 952.94 820.33 952.85 820C952.98 819.67 953.12 819.33 953.25 819ZM775.21 821.71C775.8 822.1 776.4 822.48 777 822.87C776.67 822.9 776.33 822.94 776 822.97C775.74 822.55 775.47 822.13 775.21 821.71ZM898.17 822C898.49 822.62 898.82 823.24 899.14 823.87C898.82 823.24 898.49 822.62 898.17 822ZM268.8 823.7C268.83 824.07 268.86 824.44 268.89 824.82C268.3 824.9 267.71 824.98 267.12 825.07C267.68 824.61 268.24 824.16 268.8 823.7ZM487.17 832.76C487.44 832.83 487.72 832.9 488 832.97C490.95 835.13 490.45 836.17 489.5 839.7C486.58 837.26 484.85 836.2 487.17 832.76ZM613 835.19C613.67 835.22 614.33 835.25 615 835.28C614.5 835.64 614 835.99 613.5 836.35C613.33 835.96 613.17 835.58 613 835.19ZM366.9 837.97C366.31 838.27 365.72 838.58 365.13 838.88C365.72 838.58 366.31 838.27 366.9 837.97ZM213.37 845.13C212.58 845.34 211.79 845.54 211 845.74C210.94 845.5 210.89 845.25 210.83 845.01C211.39 844.61 211.94 844.22 212.5 843.83C212.79 844.27 213.08 844.7 213.37 845.13ZM228.89 843.98C228.59 844.31 228.3 844.63 228 844.96C227.67 844.89 227.33 844.82 227 844.75C227.63 844.49 228.26 844.24 228.89 843.98ZM304 844.27C304.67 844.24 305.33 844.21 306 844.18C305.5 844.58 305 844.99 304.5 845.39C304.33 845.02 304.17 844.65 304 844.27ZM298 845.05C298.67 845 299.33 844.95 300 844.9C299.83 845.42 299.67 845.94 299.5 846.46C299 845.99 298.5 845.52 298 845.05ZM538.27 871C537.35 870.97 536.42 870.95 535.5 870.92C534.99 866.45 536.32 863.83 531.5 865.62C531.62 863.98 531.24 861.8 531.49 860.31C532 857.27 533.53 858.97 532.02 854.5C535.57 852.96 535.93 851.93 535.5 848.3C540.99 845.79 538.32 849.58 541.4 849.61C541.72 849.61 543.05 848.08 543.55 847.87C544.86 847.32 551.14 847.68 551.94 848.79C552.32 849.3 550.95 851.96 550.81 852.5C551.49 852.34 552.24 852.64 552.89 852.4C554.59 851.8 556.04 849.09 557.7 848.51C561.14 847.32 560.83 850.25 564.5 847.3C564.69 848.58 566.17 852.11 565.77 853.23C565.19 854.84 560.26 856.99 559.4 860.51C558.27 865.18 563.07 866.81 558.5 870.24C557.33 868.8 557.13 868.54 557.02 866.5C551.75 867.61 549.24 869.8 547.5 875.05C545.17 872.81 542.83 870.57 540.5 868.34C538.32 868.84 538.49 868.62 538.27 871ZM815.5 849.19C815.46 849.6 815.9 850.01 815.77 850.4C815.54 851.1 814.73 851.1 814.46 851.73C813.85 853.12 814.36 854.82 813.61 856.12C812.95 857.25 810.78 857.66 809.79 858.45C807.97 859.89 806.06 862.53 805.46 864.81C804.97 866.65 806.27 866.02 806.71 867.39C807 868.29 806.78 869.57 806.81 870.5C803.63 869.88 806.27 869.38 804.43 868.19C802.8 867.12 797.72 868.2 796.78 867.59C795.86 867 796.52 865.41 795.33 864.99C794.5 864.7 794.17 865.51 793.39 865.5C791.86 867.75 794.97 869.25 796.7 870.5C794.51 870.95 792.79 871.56 790.84 869.22C790.26 868.52 790.4 866.56 789.42 866.32C788.62 866.12 785.9 868.14 784.87 868.5C785.3 866.99 786.3 863.79 787.78 862.94C788.56 862.49 789.64 863.08 790.49 862.72C791.01 862.5 791.2 861.8 791.67 861.5C790.93 860.54 790.39 861.05 790.26 859.69C790.21 859.22 794.26 851.94 794.7 851.73C795.58 851.31 796.49 852.24 797.4 852.12C798.79 851.94 800.21 850 801.66 850.07C802.89 850.12 803.62 851.55 804.65 851.39C805.35 851.29 805.84 849.66 806.41 849.22C809.85 846.56 812.54 846.7 815.5 849.19ZM673.5 847.87C676.03 849.9 675.34 853.36 678.54 853.85C684.67 854.78 683.18 848.5 688.46 848.08C690.81 847.89 693.74 849.35 694.58 849.38C695.74 849.42 696.17 848.42 697.25 848.47C698.55 848.53 699.07 849.95 700.65 849.83C703.32 849.63 701.62 847.78 706.72 848.67C707.06 848.73 707.98 848.49 708.3 848.76C709.12 849.42 708.78 850.63 709.4 851.22C710.19 851.98 714.33 852.95 715.55 852.72C718.71 852.14 714.83 851.1 720.13 850.5C717.97 856.42 721.53 852.44 724.35 854.36C724.96 854.77 725.61 857.74 725.72 858.52C726.34 862.72 723.57 863.35 722.37 866.67C721.85 868.12 721.81 870.18 721.5 871.71C716.5 870.09 716.88 871.08 716.5 865.81C716.25 866.33 715.33 867.05 715.17 867.68C714.95 868.48 715.96 869.54 715.44 870.21C714.84 870.99 709.01 869.87 707.48 870.11C704.62 870.55 702.52 873.62 699.23 873.66C698.43 873.67 698.03 873.05 697.39 873.03C696.34 873 695.63 873.69 694.58 873.5C692.64 873.16 693.88 872.41 690.71 872.5C690.63 872.8 690.19 875.14 690.03 875.21C689.61 875.38 688.11 874.41 687.53 874.36C685.13 874.17 680.92 874.43 678.61 875.23C677.69 875.55 677.06 876.69 676.22 876.9C675.23 877.15 674.65 876.06 673.64 876.54C672.74 876.96 673.17 878.27 672.38 878.71C671.62 879.13 670.33 877.94 669.64 878.39C668.88 878.89 669.41 879.91 668.92 880.59C668.62 881.02 667.86 880.88 667.5 881.26C666.17 879.65 664.83 878.04 663.5 876.43C660.27 881.41 659.95 879.35 662.05 884.5C660.87 885.91 659.68 887.32 658.5 888.73C657.3 887.27 657.76 885.46 657.06 884.86C655.78 883.76 653.25 885.42 652 885.39C648.76 885.32 649.03 883.9 644.13 884.5C644.97 885.34 648.84 887.55 648.85 887.58C649.36 888.88 648.4 887.99 648.5 889.26C644.27 887.76 642.16 886.66 641.5 882.1C638.99 883.17 630.43 888.99 628.58 888.42C626.7 887.84 627.49 885.38 627.5 884.21C627.92 884.59 629.95 886.95 630.46 886.99C632.15 887.12 634.34 882.27 633.03 880.69C632.59 880.17 631.85 879.98 631.36 879.5C635.41 877.49 640.04 878.3 643.76 875.25C644.55 874.59 644.72 873.3 645.4 872.7C645.9 872.27 646.64 872.75 647.06 872.26C647.95 871.21 647.59 869.33 648.83 868.49C649.89 867.78 651.93 868.02 653.17 867.52C654.29 867.06 654.77 865.95 655.75 865.55C656.54 865.23 657.54 865.62 658.46 865.23C660.41 864.41 661.08 861.28 663.5 861.29C664.91 861.29 665.4 862.76 666.74 862.83C668.36 862.92 668.34 860.89 670.29 861.45C671.13 861.69 674.43 864.6 675.5 865.19C675.85 861.31 676.11 861.32 672.19 860.5C674.28 858.49 675.6 858.53 675.3 855.5C674.67 855.44 674.23 854.53 673.6 854.63C672.81 854.76 672.68 856.11 671.98 856.42C670.81 856.95 671.59 856.18 670.19 856.5C670.37 854.41 671.51 854.3 672.05 852.53C672.43 851.29 671.78 849.71 672.31 848.6C672.78 847.61 672.76 848.74 673.5 847.87ZM657.92 848.98C657.6 850.61 658.03 849.82 656.91 850.89C657.24 850.26 657.58 849.62 657.92 848.98ZM325.01 872.03C324.33 872.67 323.65 873.31 322.98 873.94C322.82 873.54 322.66 873.13 322.5 872.73C321.83 873.37 321.17 874.02 320.5 874.67C318.7 873.37 318.54 873.44 316.23 874.23C316.25 871.53 316.92 866.73 319.74 865.28C321.03 864.62 322.5 865.32 323.5 864.08C325.7 861.32 323.77 858.88 327.5 856.3C329.06 864.22 330.49 857.05 335.13 863.5C333.63 865.17 332.14 866.83 330.64 868.5C326.45 868.09 330.68 865.66 325.5 867.03C324.59 867.93 324.79 866 324.19 867.53C323.74 868.68 325.14 868.81 325.21 869.7C325.32 871 324.67 870.94 325.01 872.03ZM833.5 862C833.88 862.14 834.21 861.34 834.61 861.8C835.54 862.89 833.85 864.36 833.5 865.13C831.97 863.63 832.42 863.32 830.5 863.3C830.54 862.55 830.08 858.49 831.55 858.44C833.89 858.36 833.21 860.58 833.5 862ZM589 860.79C588.33 860.79 587.67 860.79 587 860.8C587.5 860.47 588 860.14 588.5 859.81C588.67 860.13 588.83 860.46 589 860.79ZM491.91 862.68C491.91 863.23 491.92 863.78 491.92 864.33C491.51 864.47 491.1 864.61 490.69 864.74C491.1 864.06 491.5 863.37 491.91 862.68ZM614.57 864.89C615.38 864.94 616.19 864.99 617 865.04C616.83 865.5 616.67 865.97 616.5 866.43C615.86 865.92 615.21 865.4 614.57 864.89ZM729.05 866.5C728.91 870.62 728.75 871.17 724.74 871.5C725.53 868.45 725.63 867.45 729.05 866.5ZM815.5 865.14C816.23 865.93 816.97 866.71 817.7 867.5C815.72 869.68 814.28 870.18 811.5 870.79C812.83 868.91 814.17 867.02 815.5 865.14ZM335.43 870.94C334.62 870.85 333.81 870.75 333 870.66C333.5 870.3 334 869.95 334.5 869.6C334.81 870.04 335.12 870.49 335.43 870.94ZM538.27 871C545.76 872.54 541.79 871.92 541.5 878.73C540.13 877.32 538.76 875.91 537.38 874.5C537.68 873.33 537.97 872.17 538.27 871ZM758.91 872.16C758.33 872.49 757.76 872.82 757.18 873.15C757.76 872.82 758.33 872.49 758.91 872.16ZM316.23 874.23C315.41 877.8 313.51 877.54 310.64 879.31C308.52 880.62 309.88 880.98 306.5 880.71C306.71 878.65 307.69 874.13 310.5 873.88C312.3 873.73 313.54 874.82 316.23 874.23ZM271 877.94C271 878.19 271 878.44 271 878.7C270.67 878.82 270.33 878.94 270 879.06C269.33 878.98 268.67 878.89 268 878.81C269 878.52 270 878.23 271 877.94ZM344 884.23C343.32 884.47 342.64 884.71 341.96 884.95C342.64 884.71 343.32 884.47 344 884.23ZM346 884.23C348 884.23 350 884.24 352 884.24C349.9 885.71 348.1 885.7 346 884.23ZM391 884.24C393.33 884.24 395.67 884.24 398 884.24C395.77 885.8 393.23 885.8 391 884.24ZM407 884.24C407.64 884.51 408.28 884.79 408.92 885.06C408.28 884.79 407.64 884.51 407 884.24ZM614.5 883.21C615.83 884.46 617.17 885.7 618.5 886.95C618.67 886.78 618.99 887.16 619.21 887.07C620.19 886.7 619.64 885.17 620.24 884.65C621.38 883.67 623.7 884.41 625.05 884.5C623.33 889.19 619.31 890.5 615.53 887.11C614.97 886.61 614.06 886.58 613.66 885.84C613.26 885.1 614.26 883.78 614.5 883.21ZM702 884.23C703 884.23 704 884.23 705 884.23C703.43 885.3 703.57 885.3 702 884.23ZM788 895.1C787.52 895.62 787.04 896.15 786.57 896.67C787.04 896.15 787.52 895.62 788 895.1ZM700.5 898.95C700.47 900.32 701.43 900.9 700.43 902.13C699.83 902.86 697.88 901.74 697.03 901.99C695.81 902.35 695.12 903.96 694 904.41C690.6 905.76 689.43 902.53 689.5 899.95C693.7 897.4 693.55 900.16 696.6 900.11C697.83 900.1 699.24 899.18 700.5 898.95ZM370 903.8C369.33 903.81 368.67 903.83 368 903.84C368.17 903.41 368.33 902.98 368.5 902.55C369 902.97 369.5 903.38 370 903.8ZM721.84 903.77C721.08 904.17 720.32 904.57 719.57 904.98C721.47 903.18 719.52 904.38 721.84 903.77ZM258.97 910.07C259.79 910.55 260.61 911.02 261.44 911.5C261.1 911.6 260.77 911.69 260.43 911.79C260.07 911.72 259.71 911.65 259.34 911.59C259.22 911.08 259.09 910.58 258.97 910.07ZM715.75 946.18C715.75 946.41 715.75 946.63 715.75 946.86C714.65 946.92 713.55 946.98 712.45 947.05C713.92 946.1 713.77 945.98 715.75 946.18ZM788.82 946.72C788.21 947.16 787.61 947.6 787 948.04C787.61 947.6 788.21 947.16 788.82 946.72ZM453 961C451.67 960.93 450.33 960.87 449 960.8C450.9 959.34 451.27 959.46 453 961ZM637 960.78C636.33 960.85 635.67 960.92 635 960.99C635.17 960.51 635.33 960.03 635.5 959.56C636 959.96 636.5 960.37 637 960.78ZM462 961.98C461 961.89 460 961.8 459 961.71C460.71 960.58 460.51 960.72 462 961.98ZM564 965.72C562.33 965.74 560.67 965.76 559 965.78C560.5 964.98 562 964.18 563.5 963.38C563.67 964.16 563.83 964.94 564 965.72ZM534 965.8C532 965.77 530 965.75 528 965.72C530.14 964.37 531.94 964.38 534 965.8ZM691.11 994.15C690.26 994.42 689.41 994.69 688.57 994.97C689.41 994.69 690.26 994.42 691.11 994.15ZM516 1014.94C516.67 1015.22 517.33 1015.51 518 1015.79C517.33 1015.77 516.67 1015.76 516 1015.75C516 1015.48 516 1015.21 516 1014.94ZM581 1014.93C581 1015.2 581 1015.46 581 1015.73C580.33 1015.75 579.67 1015.76 579 1015.78C579.67 1015.5 580.33 1015.21 581 1014.93ZM538 1016.73C537.33 1016.72 536.67 1016.7 536 1016.69C536.5 1016.33 537 1015.97 537.5 1015.62C537.67 1015.99 537.83 1016.36 538 1016.73Z" fill="#121010" fill-rule="evenodd" stroke="#121010" stroke-width="0.25" stroke-linejoin="round"/>[m
[32m+[m[32m<path d="M537 99.71C538.17 99.94 539.33 100.17 540.5 100.41C539.76 103.08 537.02 104.85 534.26 105.58C532.58 106.02 529.72 105.29 528.48 106.91C527.94 107.63 528.23 108.36 528.1 109.15C527.45 109.17 526.81 109.19 526.17 109.21C523.58 104.75 520.41 106.65 516.75 105.57C515.72 105.27 515.23 104.06 514.31 103.81C511.23 102.99 511.76 105.6 509.61 101.87C518.74 101.15 527.87 100.43 537 99.71ZM540 107.78C539.06 107.86 538.11 107.95 537.17 108.03C538.44 107.1 538.4 107.02 540 107.78ZM552 108.25C551.33 108.13 550.67 108.01 550 107.89C550.5 107.59 551 107.3 551.5 107C551.67 107.42 551.83 107.84 552 108.25ZM565 108.69C564.67 109.02 564.33 109.36 564 109.7C562.98 109.52 561.96 109.33 560.94 109.15C562.54 108.03 563.04 107.85 565 108.69ZM571 110.64C570.33 110.45 569.67 110.26 569 110.07C570.1 109.88 571.2 109.69 572.3 109.5C571.87 109.88 571.43 110.26 571 110.64ZM579.17 111.32C578.39 111.26 577.61 111.2 576.83 111.14C577.39 110.76 577.94 110.38 578.5 110C578.72 110.44 578.94 110.88 579.17 111.32ZM642.57 111.78C643.23 111.9 643.9 112.02 644.57 112.14C645.48 113.38 644.82 113.14 646.52 112.79C652.84 113.16 659.65 115.77 665.74 117.74C675.24 120.82 684.65 124.03 694 127.55C694.72 127.71 695